Date,Close,High,Low,Open,Volume
2007-04-05,23.035385131835938,23.813497326687177,22.78411992882833,23.651391392412258,6930
2007-04-09,24.153926849365234,24.153926849365234,22.873282434725876,23.667607398872484,1215
2007-04-10,24.153926849365234,24.153926849365234,24.153926849365234,24.153926849365234,0
2007-04-11,23.57033920288086,24.1539233874108,23.57033920288086,24.1539233874108,750
2007-04-12,24.478137969970703,24.478137969970703,24.478137969970703,24.478137969970703,100
2007-04-13,23.537919998168945,25.523728374217164,23.505497879716714,24.478139789679876,1500
2007-04-16,24.3160343170166,24.3160343170166,24.3160343170166,24.3160343170166,125
2007-04-17,23.5054988861084,23.5054988861084,23.5054988861084,23.5054988861084,300
2007-04-18,23.5054988861084,24.64024679900204,23.5054988861084,24.64024679900204,1110
2007-04-19,24.64024543762207,24.64024543762207,23.505497587423545,23.505497587423545,250
2007-04-20,23.829710006713867,23.829710006713867,23.829710006713867,23.829710006713867,360
2007-04-23,23.70002555847168,25.01309196049337,22.694963092738437,22.694963092738437,2705
2007-04-24,23.197494506835938,24.88340594602242,23.01917595480564,23.01917595480564,230
2007-04-25,23.537919998168945,24.348454407814348,22.921913661321835,22.921913661321835,1680
2007-04-26,23.829710006713867,24.316030934600196,23.50549657011352,23.50549657011352,1275
2007-04-27,24.470035552978516,24.470035552978516,22.857072178077384,23.505499121665654,155
2007-04-30,24.30792808532715,24.30792808532715,24.30792808532715,24.30792808532715,5
2007-05-03,23.100231170654297,23.991819349593193,23.100231170654297,23.991819349593193,700
2007-05-04,22.04653549194336,22.370748930889544,22.03842996272325,22.370748930889544,2000
2007-05-07,20.952312469482422,22.37074752868955,20.94420694077037,21.965480368916083,6500
2007-05-08,20.42546844482422,21.130632539754597,20.34441469187417,21.130632539754597,1755
2007-05-09,20.6199951171875,21.446739012139055,19.62303665208757,20.433571034332676,4960
2007-05-10,21.560218811035156,21.64127257324398,20.61999887974542,21.64127257324398,1985
2007-05-11,20.749679565429688,21.398106423798414,20.628099722732,21.398106423798414,2740
2007-05-14,20.83073616027832,21.398109352513252,20.587574895630386,21.317055597630606,3230
2007-05-15,21.53589630126953,21.53589630126953,20.619993214092165,20.619993214092165,500
2007-05-16,21.544004440307617,21.544004440307617,21.50347833841385,21.519687851588344,1000
2007-05-17,22.395057678222656,23.116434116345914,20.782094920079576,21.398101053928436,30500
2007-05-18,21.37379264831543,21.65747844941564,20.603784355687722,21.65747844941564,2000
2007-05-21,20.790206909179688,21.073894256441505,20.668627059202244,20.74968080784443,405
2007-05-22,20.927995681762695,21.073892105231277,20.60378226626113,20.60378226626113,470
2007-05-23,20.58757781982422,21.05768780975033,20.58757781982422,21.05768780975033,500
2007-05-24,19.939149856567383,20.587576865735453,19.85809609392839,19.85809609392839,2415
2007-05-25,19.720304489135742,19.777041657257765,18.893558921144244,19.777041657257765,3500
2007-05-28,19.866199493408203,21.698007530244073,19.777040209473732,19.858093963416728,2390
2007-05-29,20.83073616027832,21.219792328548866,20.141781562733527,20.141781562733527,3500
2007-05-30,20.51462745666504,20.51462745666504,20.279573259070368,20.2876787894663,2225
2007-05-31,20.26335906982422,20.311990698719747,20.020199379374972,20.17419979520608,4500
2007-06-01,20.51462745666504,20.99284292822216,20.263362198278504,20.74968320023156,3985
2007-06-04,21.2684268951416,21.2684268951416,20.44168126411322,21.073898784188806,3000
2007-06-05,20.271465301513672,21.187368482984528,20.020200073211843,21.187368482984528,3500
2007-06-06,19.56629753112793,21.544001658409506,19.452823223700555,20.44978004288205,3780
2007-06-07,21.236003875732422,21.236003875732422,19.46093294157853,20.91178884876651,500
2007-06-08,20.101255416870117,21.236004978218705,19.631145458529552,21.236004978218705,760
2007-06-11,19.533878326416016,19.533878326416016,19.533878326416016,19.533878326416016,500
2007-06-12,18.180286407470703,20.57946743241016,18.172180878146655,18.172180878146655,8000
2007-06-13,19.533878326416016,20.00398819196257,18.990820245011236,20.00398819196257,145
2007-06-14,19.65545654296875,20.20662010781774,19.055661353565867,19.939143853814137,4000
2007-06-15,19.460927963256836,19.460927963256836,19.460927963256836,19.460927963256836,440
2007-06-18,19.533878326416016,19.623036054487045,19.128611147635482,19.623036054487045,3900
2007-06-19,19.78514289855957,19.90672273903079,19.1691366214043,19.54198321761713,1300
2007-06-20,19.25830078125,20.093151910763087,18.885454090390155,18.885454090390155,3850
2007-06-21,19.582509994506836,19.582509994506836,18.172180395021726,19.015135324680728,7000
2007-06-22,19.128612518310547,19.760828373088255,17.83986267376439,17.8479682034374,4425
2007-06-25,19.161033630371094,19.452826522925942,17.9938651520952,19.452826522925942,4220
2007-06-26,18.974611282348633,19.501458363753045,18.196498955223056,18.196498955223056,3280
2007-06-27,18.974611282348633,19.412300625835595,18.974611282348633,19.371772975898782,500
2007-06-28,19.41230010986328,19.436615153207313,18.69092341987965,18.69092341987965,400
2007-06-29,18.966506958007812,19.452827966361216,18.82871603140721,19.452827966361216,1220
2007-07-02,19.355560302734375,19.93914604541136,18.96650417159748,18.974609700909287,975
2007-07-03,19.971567153930664,20.992840685116438,18.010073840885923,18.010073840885923,4820
2007-07-04,20.271465301513672,20.587573219247318,19.144822992896497,19.144822992896497,500
2007-07-05,19.45282745361328,22.281592593642927,19.331247591222564,22.281592593642927,2500
2007-07-06,19.41230010986328,19.631143229818218,19.144823811276822,19.631143229818218,1940
2007-07-09,19.74461555480957,21.235998753634316,18.990818427080914,19.007029483713485,2785
2007-07-10,19.63924789428711,20.903682655504728,18.966504412576004,20.903682655504728,9000
2007-07-11,19.777040481567383,20.425468976060678,19.12861353304588,19.12861353304588,11000
2007-07-12,19.679773330688477,19.77703658079686,19.161030328214984,19.77703658079686,2500
2007-07-13,20.58757781982422,20.814528056536552,19.242090553967692,19.25019608520442,18000
2007-07-16,20.482206344604492,21.88443060096652,20.344415423426202,21.88443060096652,18000
2007-07-17,20.457887649536133,20.814523211069968,19.91482955087138,20.4254670781085,5355
2007-07-18,20.992841720581055,21.07389547390581,19.841882752090406,19.841882752090406,1895
2007-07-19,20.449783325195312,21.073895208162575,20.287677366561724,20.911787703557245,1500
2007-07-20,21.60074234008789,23.343391062636762,19.987779003200313,20.749681803439202,14500
2007-07-23,20.91179084777832,21.398111888744044,20.830738629260676,20.830738629260676,3325
2007-07-24,20.149885177612305,21.227895840964866,19.95535711196654,19.963461095309928,660
2007-07-25,19.19345474243164,19.315034592623345,19.12861205259795,19.12861205259795,775
2007-07-26,20.26335906982422,20.26335906982422,20.26335906982422,20.26335906982422,360
2007-07-27,18.836822509765625,18.836822509765625,18.642294405830118,18.642294405830118,300
2007-07-30,19.23398208618164,19.23398208618164,19.23398208618164,19.23398208618164,500
2007-07-31,21.689903259277344,22.68686031652234,17.52375645207765,17.52375645207765,2500
2007-08-01,19.41230010986328,20.579468569528704,19.37177246100368,20.579468569528704,10265
2007-08-02,19.477142333984375,19.858092948279104,19.452825745252998,19.46903680440725,2475
2007-08-03,19.41230010986328,19.84188236597296,19.40419458009136,19.84188236597296,4200
2007-08-06,19.436614990234375,19.777039507941982,19.055664369978697,19.777039507941982,3225
2007-08-07,19.436614990234375,19.436614990234375,19.436614990234375,19.436614990234375,0
2007-08-08,19.16913414001465,19.452821428372687,19.144819102650846,19.452821428372687,115
2007-08-09,19.209667205810547,19.452826923971475,19.209667205810547,19.452826923971475,3425
2007-08-10,18.820608139038086,19.274508514391318,17.02122233451101,19.274508514391318,5000
2007-08-13,18.844924926757812,19.61493323032584,18.463974312745204,18.463974312745204,1500
2007-08-14,18.73955726623535,18.73955726623535,18.73955726623535,18.73955726623535,800
2007-08-16,18.974611282348633,19.922936647265285,18.820609304532283,18.820609304532283,1260
2007-08-17,18.674715042114258,18.97461193205657,18.674715042114258,18.97461193205657,1650
2007-08-20,18.6503963470459,18.6503963470459,18.58555365821452,18.58555365821452,120
2007-08-21,18.155975341796875,19.37177728271147,18.155975341796875,18.561242655435073,5000
2007-08-22,17.426490783691406,17.434596313758576,17.426490783691406,17.434596313758576,1000
2007-08-23,18.050600051879883,19.290716597783433,17.677753453040253,17.693964510809707,4135
2007-08-24,17.43459701538086,17.87228483481937,17.43459701538086,17.87228483481937,725
2007-08-27,18.172182083129883,18.634186463434347,17.847968618527783,18.634186463434347,1960
2007-08-28,18.48828887939453,19.404193599713896,18.480183350032135,18.480183350032135,3390
2007-08-29,18.172182083129883,18.172182083129883,18.172182083129883,18.172182083129883,10
2007-08-30,19.231950759887695,21.811545550208546,15.017517103279406,15.017517103279406,14500
2007-08-31,19.94667625427246,23.002756150119016,19.71664812867344,23.002756150119016,10120
2007-09-03,19.938459396362305,20.538173692106625,19.872737303225094,19.872737303225094,2315
2007-09-04,18.911556243896484,20.538179700077304,17.720341194516497,17.720341194516497,4365
2007-09-05,19.774160385131836,19.774160385131836,18.656882839060582,18.656882839060582,1260
2007-09-06,19.45376205444336,20.365657640413705,19.38803994886505,20.365657640413705,1000
2007-09-07,20.03704833984375,20.086341101105536,18.237904861136517,20.078125640895237,2345
2007-09-10,19.223735809326172,20.669623842486022,16.405897314987392,20.669623842486022,545
2007-09-11,19.71665382385254,20.53818106651306,19.264814467164797,20.53818106651306,465
2007-09-12,19.872745513916016,20.373876093534182,19.47019733126515,20.373876093534182,1310
2007-09-13,19.026575088500977,20.086346221714457,18.895130825504776,20.086346221714457,9440
2007-09-14,19.461978912353516,19.5934231329578,19.461978912353516,19.5934231329578,20
2007-09-17,19.560558319091797,19.716648894919345,18.76367765701999,19.716648894919345,280
2007-09-18,19.059429168701172,19.585206006368434,18.77189437299992,19.585206006368434,1095
2007-09-19,19.55234718322754,19.55234718322754,18.93620176904677,18.93620176904677,350
2007-09-20,19.14158058166504,19.880956216657804,19.10050485391592,19.880956216657804,2405
2007-09-21,18.648670196533203,19.55234896618615,16.496267997266628,19.55234896618615,1290
2007-09-24,19.55234718322754,19.55234718322754,18.402209390144534,18.402209390144534,190
2007-09-25,18.476144790649414,19.05942986223226,18.246116632330477,19.05942986223226,3970
2007-09-26,19.634496688842773,20.201350806729458,18.402206082008224,19.53591431778159,13580
2007-09-27,18.936195373535156,19.716646594683354,18.402203174983473,19.223730116428616,8000
2007-09-28,19.412687301635742,19.437333682057563,18.862264007725457,18.862264007725457,1720
2007-10-01,19.880956649780273,19.880956649780273,19.305887047132792,19.388040071359377,2860
2007-10-03,19.38804054260254,19.470193568825923,19.38804054260254,19.404471461234944,8000
2007-10-04,19.199092864990234,19.22373768008969,17.52317649291537,17.52317649291537,695
2007-10-05,18.509010314941406,18.96906515629048,17.909294205376476,17.909294205376476,25615
2007-10-08,18.418642044067383,19.708439648432172,17.92572535294391,19.708439648432172,1990
2007-10-09,18.714384078979492,18.714384078979492,18.40220296726864,18.40220296726864,135
2007-10-10,18.467933654785156,18.56651762198307,18.4186424546557,18.4186424546557,1655
2007-10-11,17.753202438354492,21.852622780877198,15.22289884690168,15.22289884690168,6000
2007-10-12,18.065383911132812,18.073599371607116,17.572467251246664,17.744988787329305,5000
2007-10-15,17.909292221069336,18.32005581849697,15.124315531930385,17.613543496439807,9765
2007-10-16,18.073596954345703,18.484360521489922,17.991443927529126,17.991443927529126,2315
2007-10-17,17.966800689697266,18.07359853705406,16.76737015379369,16.76737015379369,595
2007-10-18,18.106460571289062,18.730819875802165,18.08181419074033,18.08181419074033,2225
2007-10-19,18.016090393066406,18.237903096465757,17.112410227576902,17.112410227576902,12880
2007-10-22,17.531391143798828,18.730820142695734,17.358869611377084,17.358869611377084,2225
2007-10-23,18.56651496887207,18.730819468137867,17.26850206006001,17.26850206006001,2385
2007-10-24,18.402210235595703,19.53591872725993,17.613544821341364,17.74498905705042,3000
2007-10-25,18.08181381225586,19.527701868468107,18.073598352244915,19.527701868468107,6875
2007-10-26,18.48436164855957,19.059431304401368,18.402208616733777,18.895125240749785,6000
2007-10-29,18.246118545532227,19.38804243067021,18.106460424372372,18.106460424372372,10000
2007-10-30,18.073596954345703,18.073596954345703,17.761417332769103,18.073596954345703,2345
2007-10-31,17.556032180786133,18.895120463297374,17.087760487858805,17.43280188073568,8250
2007-11-01,18.755462646484375,18.89512230883592,17.580678704398764,17.662831723477055,8905
2007-11-02,18.16396141052246,18.730813879218807,16.93167098249653,16.93167098249653,12490
2007-11-05,17.983230590820312,18.07359908767914,17.687481853085792,18.07359908767914,1750
2007-11-06,16.356605529785156,18.566514015355075,15.288620855120035,16.9645354364187,10440
2007-11-07,16.980968475341797,17.901079693202455,16.430545150134726,16.59485122841163,15635
2007-11-08,17.40816307067871,18.55830092079778,16.923461862131425,16.923461862131425,6980
2007-11-12,20.51353645324707,21.096821660619025,17.252073582869336,17.90929480686971,7010
2007-11-13,19.89738655090332,21.35970540834154,19.31410303995993,21.35970540834154,11355
2007-11-14,19.231950759887695,20.35744366261636,19.12515291815399,20.275290632931128,6500
2007-11-15,19.83987808227539,19.88095537522455,19.305885809444415,19.83166262368556,8500
2007-11-16,19.40447425842285,20.045264508071238,19.388043337421898,19.396258797922375,7385
2007-11-19,18.9526309967041,19.798804520699587,18.402207746520375,18.56651380240217,3000
2007-11-20,19.880956649780273,22.016925878039824,18.254331784297445,22.016925878039824,9000
2007-11-21,18.6240234375,19.70843919273444,17.30957948054292,17.30957948054292,3590
2007-11-22,19.70022201538086,19.70022201538086,19.207305378604122,19.388042366687575,6855
2007-11-23,19.535917282104492,20.505318057013337,17.662834711402038,19.71665270109995,3000
2007-11-26,19.71665382385254,20.07812624936605,19.223737164868453,20.07812624936605,5500
2007-11-27,18.648670196533203,18.648670196533203,18.640454735562308,18.640454735562308,200
2007-11-28,19.71665382385254,19.724869284311808,19.388043240176103,19.388043240176103,6000
2007-11-29,19.634496688842773,20.538176780575817,19.10050440593551,19.388039194251277,450
2007-11-30,19.075862884521484,19.38804412852216,18.73082136411696,19.05943352978903,1525
2007-12-03,19.15801429748535,19.716653051316186,19.15801429748535,19.700222131041443,1500
2007-12-04,19.568775177001953,22.920605666174346,19.47019280296256,20.513531024062136,4720
2007-12-05,19.560558319091797,19.716648894919345,19.305885376275192,19.39625385179722,12000
2007-12-06,23.47102928161621,23.47924474074871,19.88095668845898,19.88095668845898,23095
2007-12-07,23.512109756469727,25.77952350771611,23.101346145934844,24.645816632092917,100740
2007-12-10,24.16111183166504,24.612951108880118,23.002758748608077,23.002758748608077,8960
2007-12-11,23.31494140625,25.820600323576574,23.01919267774255,25.820600323576574,6660
2007-12-12,23.002761840820312,23.766782395529194,22.18123463221959,23.0274082211763,6925
2007-12-13,23.002761840820312,23.62712270738952,22.34554070071525,23.002761840820312,4375
2007-12-14,22.345539093017578,23.62712100748569,20.70248479402919,23.00276018583746,18005
2007-12-17,22.674150466918945,23.24921855238874,22.674150466918945,23.24921855238874,1575
2007-12-18,21.68832015991211,21.85262624481875,20.718917706228623,21.85262624481875,2500
2007-12-19,20.866792678833008,22.838457845025136,20.538182078957476,22.838457845025136,5870
2007-12-20,20.571044921875,21.688321015735553,20.53818307682136,21.688321015735553,3295
2007-12-24,21.507577896118164,22.75629935778386,21.359702780007957,22.509840308620692,5355
2007-12-26,21.655454635620117,22.665932582205304,21.359704381228912,22.641286205359844,3695
2007-12-27,22.509841918945312,23.306724197894138,21.860836333624057,22.83845244106611,3000
2007-12-28,24.867624282836914,26.946086725127834,21.35970338870378,24.46507621469781,110630
2007-12-31,25.54949951171875,26.781788902898622,24.974429771154355,25.689159216316444,20560
2008-01-01,25.968475341796875,26.61748258313652,22.181234441321244,22.181234441321244,26355
2008-01-02,31.16874122619629,31.16874122619629,24.64581630552891,26.78178579845704,120775
2008-01-03,32.614627838134766,34.25768210570954,31.57950189459136,33.02539140502846,132050
2008-01-04,35.87609100341797,35.87609100341797,30.06789400133926,32.696781644935776,125870
2008-01-07,33.345787048339844,39.43330308704775,32.3763847634064,39.43330308704775,133230
2008-01-08,31.250896453857422,36.64011305499295,30.503306802961966,36.64011305499295,47795
2008-01-09,29.377803802490234,30.57723559041214,28.589138643710697,30.57723559041214,31070
2008-01-10,29.20529556274414,30.396510802031802,28.589150073513768,29.755720496073177,13425
2008-01-11,28.268749237060547,29.574977536964926,28.129091125174913,29.574977536964926,10875
2008-01-14,27.455434799194336,28.096228082735212,27.05288826605389,27.38150036704292,8655
2008-01-15,28.597360610961914,30.06789179641284,27.60331039887483,27.60331039887483,14830
2008-01-16,27.069320678710938,28.75345073801945,26.61748136531755,27.6033114549477,4840
2008-01-17,29.024559020996094,29.73928684545087,26.831079650941465,26.88037241375404,7715
2008-01-18,26.453176498413086,29.5749792353712,26.305301351526023,27.60331269946209,6700
2008-01-21,23.857149124145508,28.244104218734755,23.857149124145508,27.603310912416752,11480
2008-01-22,22.008712768554688,22.008712768554688,21.934775200815192,22.008712768554688,1190
2008-01-23,21.614377975463867,23.82428635545396,19.839879530895487,21.688315541232434,3425
2008-01-24,21.055740356445312,23.331370958696258,20.2095683870943,23.068482519016772,4295
2008-01-25,22.016929626464844,22.016929626464844,20.275292737649508,20.291723658679942,4540
2008-01-28,21.524015426635742,21.68831994295986,20.91608385872579,21.68831994295986,2825
2008-01-29,22.131942749023438,22.148372101810182,20.628548066793286,20.628548066793286,1375
2008-01-30,21.195404052734375,23.002764768460437,21.195404052734375,22.099084410597406,3505
2008-01-31,20.34101104736328,21.359704456486146,20.225997755556392,21.359704456486146,1750
2008-02-01,19.634496688842773,20.538176780575817,19.404470111740988,20.225997182964022,5605
2008-02-04,20.620330810546875,20.620330810546875,20.505315949426933,20.505315949426933,775
2008-02-05,21.655454635620117,21.655454635620117,21.655454635620117,21.655454635620117,100
2008-02-06,21.68832015991211,22.164805925814626,21.47472287630906,21.47472287630906,600
2008-02-07,21.786897659301758,22.77272917539371,21.556869522077726,22.65771589025094,2110
2008-02-08,20.866792678833008,20.990021457918964,20.866792678833008,20.990021457918964,2020
2008-02-11,19.96310806274414,19.979538980940696,19.96310806274414,19.979538980940696,750
2008-02-12,19.38804054260254,20.866788746868888,19.059430004647645,20.028830699879922,8375
2008-02-13,18.944412231445312,18.944412231445312,18.944412231445312,18.944412231445312,1000
2008-02-14,19.89738655090332,19.89738655090332,19.68378930878727,19.864526280467818,5660
2008-02-15,19.89738655090332,19.89738655090332,19.89738655090332,19.89738655090332,0
2008-02-18,20.42316436767578,20.899650026737103,19.141580953423734,19.79880357874395,3450
2008-02-19,19.724864959716797,20.86678707523279,19.724864959716797,19.79880252070085,3960
2008-02-20,19.314105987548828,19.741300536976492,18.90334235931582,18.90334235931582,1140
2008-02-21,20.209571838378906,20.209571838378906,19.724870607343107,20.045265752050547,3145
2008-02-22,19.71665382385254,20.209570482836625,19.71665382385254,20.209570482836625,300
2008-02-25,19.65093231201172,19.716654430770063,19.00192501820153,19.00192501820153,360
2008-02-26,19.724864959716797,19.724864959716797,19.42911471578059,19.42911471578059,400
2008-02-27,19.774160385131836,20.357445539426866,19.01013980241775,19.01013980241775,2810
2008-02-28,20.759992599487305,20.76820805947224,19.026569716134947,19.026569716134947,9335
2008-02-29,19.765941619873047,20.045260959689042,19.733081350626893,20.045260959689042,1180
2008-03-03,18.862260818481445,20.513530421014508,18.7801093648432,18.9361983803067,6370
2008-03-04,18.36113166809082,18.763679773740712,17.950368103108648,18.467929505533178,6070
2008-03-05,17.588897705078125,17.909292820372738,17.482099855626196,17.482099855626196,5035
2008-03-07,16.70985984802246,16.78379740577872,16.70985984802246,16.759151030880485,2025
2008-03-10,18.073596954345703,18.237903007978854,15.36255803796931,16.59484873940197,15930
2008-03-11,18.270763397216797,19.388040808526526,17.293145662320786,19.388040808526526,360
2008-03-12,17.909292221069336,17.909292221069336,17.909292221069336,17.909292221069336,1000
2008-03-13,17.334226608276367,18.730822099454702,17.334226608276367,18.730822099454702,2240
2008-03-14,17.909292221069336,17.909292221069336,17.909292221069336,17.909292221069336,13000
2008-03-17,17.909292221069336,17.909292221069336,17.909292221069336,17.909292221069336,0
2008-03-18,17.728557586669922,17.728557586669922,16.266238551031694,16.923461276156907,1525
2008-03-19,16.027996063232422,17.0877653498598,16.027996063232422,17.0877653498598,40
2008-03-24,17.005611419677734,17.638186089216727,14.96822304202192,16.027993742115914,1540
2008-03-25,17.210994720458984,18.073597616278615,16.26623722787527,16.923459899539537,1095
2008-03-26,16.915245056152344,17.90929220913415,16.43054388615565,16.504481458998452,3595
2008-03-27,17.342439651489258,18.221473502653694,16.299099733946573,16.44697488029924,32270
2008-03-28,19.059429168701172,19.084073978630215,17.284930774635583,18.895123123460863,11880
2008-03-31,17.983230590820312,18.402209666794626,17.44923820389029,18.402209666794626,1790
2008-04-01,19.166229248046875,19.716652527106138,18.073598149847292,19.716652527106138,405
2008-04-02,19.807024002075195,20.52996734748625,18.0736008716053,19.71665549629669,3030
2008-04-03,20.84214210510254,21.35970346105201,19.07585768073397,19.88095538667766,5805
2008-04-04,19.78237533569336,20.538180438508007,19.47019568248112,20.209569864879644,500
2008-04-07,18.977277755737305,19.71665188815539,18.895124726148914,19.059430785325695,760
2008-04-08,19.059429168701172,20.209566784567595,18.91155404137261,19.059429168701172,3000
2008-04-09,20.19314193725586,20.19314193725586,18.237907559180904,18.237907559180904,940
2008-04-10,19.100507736206055,19.987757065145818,18.927987773299982,19.223736504987365,1180
2008-04-11,18.903339385986328,19.71665105392823,18.903339385986328,19.223734464192297,550
2008-04-15,18.903339385986328,18.903339385986328,18.903339385986328,18.903339385986328,0
2008-04-16,20.538179397583008,20.538179397583008,19.700221302096324,19.700221302096324,1300
2008-04-17,21.137889862060547,22.509840049015974,20.538175513142026,20.538175513142026,3060
2008-04-21,20.02882957458496,20.373871011786537,19.831663262889567,20.373871011786537,15
2008-04-22,20.045263290405273,21.6883176841588,19.059431594316422,20.045263290405273,1695
2008-04-23,20.768207550048828,20.94894296446786,19.724867661635525,20.94894296446786,1640
2008-04-24,19.420902252197266,20.89965213299131,19.388041979435847,20.89965213299131,2025
2008-04-25,19.149799346923828,19.470196033051852,19.149799346923828,19.470196033051852,450
2008-04-28,18.98549461364746,20.70248663405036,18.903341578008604,19.24016761388297,8175
2008-04-29,20.538179397583008,20.538179397583008,19.092291379960518,19.092291379960518,3635
2008-04-30,19.880956649780273,19.880956649780273,19.412684881770325,19.412684881770325,160
2008-05-02,19.593429565429688,20.86679645817873,18.854055190061235,19.388047707441828,32430
2008-05-05,19.355175018310547,20.168486532420676,17.859996180233036,17.876427095735465,4080
2008-05-06,19.55234718322754,19.55234718322754,19.059432105433977,19.059432105433977,660
2008-05-07,18.895126342773438,18.903341803129045,18.895126342773438,18.903341803129045,550
2008-05-08,18.377559661865234,19.38803749483297,18.237900009321354,19.38803749483297,2760
2008-05-09,18.03252601623535,19.38804583462925,17.942157506029403,19.223739737334625,1655
2008-05-12,18.402210235595703,19.22373749224675,15.042163630537805,17.580682978944655,685
2008-05-13,18.714384078979492,19.281236533982725,17.84356440268145,19.281236533982725,865
2008-05-14,19.059429168701172,19.223733647002902,18.895123123460863,18.927984959284355,135
2008-05-15,18.443283081054688,19.042997457400308,18.15574829733301,19.026566540173125,2945
2008-05-16,19.059429168701172,19.55234417054494,18.895123123460863,19.55234417054494,40
2008-05-20,18.936195373535156,19.437327309236945,15.551505252266622,19.388036131492957,2790
2008-05-21,19.116939544677734,20.209570727993064,18.237905635077887,20.209570727993064,640
2008-05-22,18.895126342773438,19.700222654356722,18.361133955169784,18.895126342773438,970
2008-05-23,18.60759162902832,19.716653713818374,17.802495311779396,19.716653713818374,3670
2008-05-26,19.12515640258789,19.716655503597785,18.23790696760355,19.716655503597785,3905
2008-05-27,18.944412231445312,19.700217136125147,18.89512105005748,18.89512105005748,3220
2008-05-28,19.601638793945312,19.700221176941728,18.090028674531293,18.090028674531293,1680
2008-05-29,18.221473693847656,18.81297271852602,17.580681908575336,18.648668217362538,2690
2008-05-30,18.402210235595703,18.730820824868346,17.761419978248774,17.761419978248774,4270
2008-06-02,18.139318466186523,19.05942951579928,17.909290312048682,18.139318466186523,4590
2008-06-03,16.972747802734375,18.689739369023954,15.666519739060703,15.666519739060703,3580
2008-06-04,16.61949348449707,19.042999147785576,15.970487865798285,19.042999147785576,2120
2008-06-05,16.668785095214844,19.692003413414778,15.839042561863579,16.101930975016742,4720
2008-06-06,16.03620719909668,16.923456284414737,15.83904090979693,16.759150259862423,20320
2008-06-09,16.2662353515625,16.348388371911508,15.477570116864491,15.855471816755987,10280
2008-06-10,15.691165924072266,16.594845932316122,15.609012911152206,16.594845932316122,1660
2008-06-11,16.373035430908203,16.43054207746917,15.625445891738444,16.101931549307505,4065
2008-06-12,15.83903980255127,16.430538629101132,14.861422315377036,15.609011697646075,1500
2008-06-13,15.970488548278809,16.42232786287394,15.937626709503089,15.937626709503089,375
2008-06-16,16.923458099365234,17.416374658946463,16.923458099365234,17.416374658946463,275
2008-06-17,17.005611419677734,17.005611419677734,17.005611419677734,17.005611419677734,500
2008-06-18,16.364818572998047,16.635922431425215,16.364818572998047,16.635922431425215,750
2008-06-19,16.479833602905273,16.92345900022475,16.479833602905273,16.59484846532438,760
2008-06-20,16.72629165649414,17.744985035862868,16.26623536882682,17.744985035862868,5295
2008-06-23,16.5948486328125,16.5948486328125,16.42232712091194,16.42232712091194,1750
2008-06-24,17.120624542236328,17.252068750216225,15.773320626973113,15.773320626973113,2370
2008-06-25,16.2662353515625,16.2662353515625,16.2662353515625,16.2662353515625,500
2008-06-26,15.797966957092285,16.101932696637274,15.797966957092285,16.101932696637274,495
2008-06-27,17.13705825805664,18.952632656557174,15.609017132123116,18.952632656557174,70
2008-06-30,16.101932525634766,16.266237016208763,14.960008716492812,16.266237016208763,1575
2008-07-01,15.773324012756348,17.818926701343063,15.773324012756348,15.773324012756348,585
2008-07-02,16.2662353515625,16.2662353515625,14.154911033367188,15.444708281949474,5920
2008-07-03,14.771060943603516,16.19230284134389,14.311006079842851,14.803922788770217,7205
2008-07-04,15.592584609985352,16.41411174307548,14.130267315925662,14.787488395622303,1595
2008-07-07,15.64188003540039,18.237906093613148,15.60901819233847,18.237906093613148,2940
2008-07-08,15.797966957092285,16.266237188956186,14.951794982650048,15.444710026545495,850
2008-07-09,16.2662353515625,17.399943585114055,16.2662353515625,16.2662353515625,2495
2008-07-10,16.915245056152344,17.054904741862217,15.806183030449084,15.806183030449084,7100
2008-07-11,16.841306686401367,16.841306686401367,16.841306686401367,16.841306686401367,20
2008-07-14,16.759153366088867,16.759153366088867,16.759153366088867,16.759153366088867,50
2008-07-15,15.017516136169434,16.676999707636597,14.853210087380077,16.676999707636597,1235
2008-07-16,14.85321044921875,16.512695628051198,14.85321044921875,15.937626010217809,325
2008-07-17,15.609017372131348,16.759155180900628,15.140747101677622,16.759155180900628,110
2008-07-18,16.5948486328125,16.5948486328125,16.5948486328125,16.5948486328125,20
2008-07-21,15.485788345336914,16.43054433098053,15.280406541199657,15.609017114431506,95
2008-07-22,15.962276458740234,16.43054679159031,15.617234913439276,15.937630074454791,2285
2008-07-23,16.118366241455078,16.742725607682402,16.10193531946516,16.742725607682402,975
2008-07-24,16.118366241455078,16.75915652967232,15.814400452397413,15.814400452397413,300
2008-07-25,19.34696388244629,19.34696388244629,17.252070263000302,17.252070263000302,6125
2008-07-28,20.4888858795166,22.838452270318072,18.73081685717176,19.7166499831023,30405
2008-07-29,18.418642044067383,20.70248849167405,16.677003486614844,20.70248849167405,10000
2008-07-30,19.1744441986084,19.692005624243176,18.237903729869885,18.895124836539242,4090
2008-07-31,18.139318466186523,19.22373399709322,17.61354161894415,18.73081741933419,3205
2008-08-01,19.24016761779785,19.388042768590115,18.73082005028437,18.90334158185495,9105
2008-08-04,20.702486038208008,20.702486038208008,18.739034967399018,18.739034967399018,4500
2008-08-05,20.045263290405273,21.35970711879585,19.470195192754804,19.716652725042323,1065
2008-08-06,20.521743774414062,21.688312159496746,20.472452593900254,21.565083424743033,2250
2008-08-07,19.880956649780273,19.889170541958187,19.880956649780273,19.889170541958187,240
2008-08-08,20.529964447021484,21.031096538173106,19.724868170731725,20.85035955215054,2155
2008-08-11,20.209571838378906,22.181237039624392,19.807023650507286,21.02288367513246,13245
2008-08-12,20.12741470336914,20.12741470336914,19.88095719091967,20.045261676906435,570
2008-08-13,20.12741470336914,20.694268862329295,19.922032920681698,20.694268862329295,670
2008-08-14,19.248374938964844,20.020610640488556,18.911549045447323,18.911549045447323,2090
2008-08-18,19.880956649780273,19.880956649780273,19.535915201579506,19.535915201579506,1045
2008-08-19,19.618066787719727,20.447809360674658,19.618066787719727,20.447809360674658,275
2008-08-20,20.332796096801758,21.515795581176675,18.895123645512744,18.895123645512744,625
2008-08-21,19.38804054260254,20.538178208913994,19.100505734290014,19.10872119360622,3970
2008-08-22,19.001924514770508,20.538181154586695,18.89512666221976,20.538181154586695,335
2008-08-25,19.757728576660156,20.538180045151424,18.591159887418005,18.591159887418005,755
2008-08-26,19.363391876220703,21.195396779877825,19.223732218228008,21.195396779877825,2380
2008-08-27,19.28946304321289,19.322324891458308,18.78011693092231,18.78011693092231,300
2008-08-28,18.96906280517578,22.16480304972777,18.574730132894874,22.16480304972777,8960
2008-08-29,19.322317123413086,19.71664974219167,18.566512153951532,18.566512153951532,3260
2008-09-01,19.724864959716797,20.045260012688676,19.461976550412842,19.716649501058733,370
2008-09-02,19.733083724975586,20.357444585163602,19.182660438161072,19.552346738089792,2185
2008-09-04,19.585208892822266,20.521749414678382,19.223736480183195,19.716653121611238,275
2008-09-05,19.207305908203125,19.71665347920227,19.05943232333773,19.38804290127,3905
2008-09-08,19.018356323242188,20.045265428891753,15.830831148759067,19.716654828471682,9475
2008-09-09,19.55234718322754,19.979541713124856,19.55234718322754,19.716653253784607,800
2008-09-10,19.55234718322754,19.88095932434167,18.895126034876913,19.716653253784607,1015
2008-09-11,19.55234718322754,19.55234718322754,18.911556955320382,18.911556955320382,1965
2008-09-12,19.177936553955078,19.801947525388872,19.136336457302946,19.793628775612014,685
2008-09-15,18.80353355407715,19.469144715289257,17.181104166577132,18.137920805922857,2920
2008-09-16,19.469146728515625,19.469146728515625,18.304326282473934,18.304326282473934,215
2008-09-17,19.13633918762207,19.968353934909988,19.13633918762207,19.968353934909988,1145
2008-09-18,19.103057861328125,19.136339212996024,17.33086714550958,17.33086714550958,15
2008-09-19,17.988162994384766,18.15456502368208,17.663676101411383,17.663676101411383,275
2008-09-22,19.036497116088867,19.111378571859408,17.48895073302956,17.48895073302956,2650
2008-09-23,18.470727920532227,19.59394655349063,17.064622561191722,19.59394655349063,8145
2008-09-24,18.470727920532227,19.02817786155298,17.572152062000193,18.304324337235034,3755
2008-09-25,17.671993255615234,18.104641310301755,17.605432138505172,17.605432138505172,155
2008-09-26,17.23102569580078,18.137921952100008,16.864940327471434,16.864940327471434,1245
2008-09-29,17.87167739868164,19.13634026674111,16.640295884122708,17.472310678328842,7050
2008-09-30,17.197744369506836,17.30590558512669,17.13118325521566,17.13118325521566,2580
2008-10-01,17.47231101989746,17.48063135843525,17.47231101989746,17.48063135843525,300
2008-10-03,16.806697845458984,18.28768301966821,16.640294268002116,16.640294268002116,1840
2008-10-06,14.285694122314453,15.974684730855296,13.97784794929167,15.974684730855296,675
2008-10-07,15.309072494506836,16.640296534668806,14.144252054468486,16.640296534668806,2900
2008-10-08,14.976265907287598,14.976265907287598,14.64346031562521,14.976265907287598,3720
2008-10-10,13.645042419433594,14.310655212419558,13.645042419433594,14.310655212419558,795
2008-10-13,13.603443145751953,14.144252482090463,13.31223763020279,14.144252482090463,255
2008-10-14,13.977846145629883,13.977846145629883,13.312235028958776,13.312235028958776,165
2008-10-15,13.919607162475586,14.31065513241456,11.33204143140118,14.31065513241456,3580
2008-10-16,13.104231834411621,13.312235514322916,11.65652641266206,13.312235514322916,3005
2008-10-17,11.365320205688477,12.48021998460158,11.015873982641951,12.48021998460158,5855
2008-10-20,12.122455596923828,12.41366109947304,10.816192591684954,10.816192591684954,2790
2008-10-21,14.551937103271484,14.551937103271484,10.874432017599743,10.874432017599743,10735
2008-10-22,14.393855094909668,14.809862485941071,13.686643799710087,14.809862485941071,4765
2008-10-23,13.453679084777832,14.302334543054371,12.688225422067234,14.269053190051093,1025
2008-10-24,12.480222702026367,12.813028323358594,12.480222702026367,12.813028323358594,1060
2008-10-27,12.580062866210938,14.127610008355992,11.648206445766174,11.681487003872377,3340
2008-10-29,12.9794282913208,12.9794282913208,12.813024733801305,12.813024733801305,300
2008-10-31,14.352254867553711,14.9762659487517,13.179114161856875,13.179114161856875,3620
2008-11-03,15.309072494506836,16.141087321240274,14.976266881201926,15.974685308058993,1510
2008-11-04,15.358991622924805,16.97310069274179,14.976265597173736,16.473891522114226,1345
2008-11-05,15.8082857131958,17.231030665650906,12.946154333197228,12.946154333197228,14275
2008-11-06,14.610179901123047,14.976266868929626,14.526978101129414,14.976266868929626,1770
2008-11-07,13.878005981445312,16.057883690248143,13.312235709865291,13.97784686058169,24165
2008-11-10,15.458834648132324,15.458834648132324,15.458834648132324,15.458834648132324,500
2008-11-11,14.34393310546875,18.112960233057642,13.1791128535844,14.801542138419732,2810
2008-11-12,14.893062591552734,15.725077279203079,13.794803457765013,13.794803457765013,5990
2008-11-14,14.044407844543457,15.142668613386078,13.004390232890271,15.142668613386078,17375
2008-11-17,13.977846145629883,13.977846145629883,13.478638601597593,13.478638601597593,125
2008-11-18,12.854625701904297,13.794802316374943,12.480219282134458,13.74488188359015,4590
2008-11-19,13.79480266571045,13.79480266571045,13.79480266571045,13.79480266571045,0
2008-11-20,13.628401756286621,13.645042433190063,13.628401756286621,13.645042433190063,600
2008-11-21,13.54520034790039,13.64504122660788,11.639885858378427,11.639885858378427,5325
2008-11-24,12.488541603088379,12.488541603088379,12.313818473637502,12.313818473637502,400
2008-11-25,12.896227836608887,12.979429623910912,12.813026049306862,12.813026049306862,1000
2008-11-26,12.67158317565918,13.478638429636275,11.332039828609757,11.81460827877519,5030
2008-11-27,12.67158317565918,12.67158317565918,12.67158317565918,12.67158317565918,0
2008-11-28,12.180697441101074,13.97784856000341,12.147416879519016,12.147416879519016,620
2008-12-01,12.305500030517578,13.312238065997487,11.814611124878526,11.814611124878526,1700
2008-12-02,11.681489944458008,13.561843141007069,10.8161944224045,11.814612210393733,12520
2008-12-03,13.095911026000977,13.253994261394471,11.490123214372105,11.490123214372105,590
2008-12-04,12.471900939941406,13.295595353849285,11.814609317711215,12.172375914921568,5505
2008-12-05,12.022613525390625,12.48022181738912,11.989332965616432,12.48022181738912,1285
2008-12-08,11.947731971740723,12.804707767629909,11.481804138637578,11.481804138637578,2775
2008-12-10,12.846306800842285,12.846306800842285,11.897810537228189,11.897810537228189,960
2008-12-11,12.480222702026367,12.480222702026367,12.480222702026367,12.480222702026367,750
2008-12-12,12.937829971313477,13.545201172549461,12.496862360643705,13.229034667862102,2885
2008-12-15,12.105815887451172,12.979431614200031,12.064214987421003,12.979431614200031,13745
2008-12-16,12.813026428222656,13.145832793801693,11.565004342611187,11.565004342611187,1015
2008-12-17,12.064214706420898,12.230617509194541,12.064214706420898,12.230617509194541,3340
2008-12-18,12.18901538848877,12.646623645355849,12.072533834957163,12.313818073164013,375
2008-12-19,12.380377769470215,12.480219429691227,11.731406581298145,11.731406581298145,730
2008-12-22,12.147417068481445,12.480222689479078,11.648207843513806,12.480222689479078,2335
2008-12-23,11.78964900970459,12.2722174987189,10.441785216926233,11.648206439462006,1860
2008-12-24,11.481802940368652,11.481802940368652,11.315400160198013,11.315400160198013,190
2008-12-26,11.881170272827148,11.981011946476157,11.64820636764613,11.664847043323176,2285
2008-12-29,11.981012344360352,11.981012344360352,11.648206754477997,11.648206754477997,1500
2008-12-30,12.064214706420898,12.31381930731694,11.490124838484038,11.9810129082985,610
2008-12-31,12.272218704223633,12.313819604288117,11.09075758583085,12.313819604288117,800
2009-01-02,11.981012344360352,11.981012344360352,11.981012344360352,11.981012344360352,2500
2009-01-05,11.83125114440918,12.480222491811446,11.681488220596666,11.981013274750516,6320
2009-01-06,11.972691535949707,11.981011079715266,11.739726854151325,11.739726854151325,6880
2009-01-07,11.315403938293457,11.814612445485889,11.315403938293457,11.814612445485889,1445
2009-01-09,11.14899730682373,11.814609263978378,10.2337815600233,11.731408265253481,6900
2009-01-12,10.982595443725586,10.982595443725586,10.982595443725586,10.982595443725586,0
2009-01-13,11.648207664489746,11.731409465196,11.148998447194572,11.648207664489746,5460
2009-01-14,11.881170272827148,11.881170272827148,11.881170272827148,11.881170272827148,500
2009-01-15,11.315403938293457,11.315403938293457,11.315403938293457,11.315403938293457,750
2009-01-16,10.990915298461914,11.64820694429394,10.81619216255866,10.81619216255866,2555
2009-01-19,11.56500244140625,11.648204217490992,10.48338411313027,10.48338411313027,4000
2009-01-20,11.56500244140625,11.56500244140625,11.56500244140625,11.56500244140625,150
2009-01-21,11.207240104675293,11.64820774721953,11.015876279080242,11.63156706957162,5500
2009-01-22,10.591547966003418,11.614926577088346,10.491706285758498,11.614926577088346,170
2009-01-23,10.691389083862305,11.631564985305493,10.591546622808034,11.257158533500617,6770
2009-01-27,10.708030700683594,11.648207547987715,10.150580704552203,10.150580704552203,2795
2009-01-28,11.27380084991455,11.797970276161998,10.816192545082226,10.816192545082226,7820
2009-01-29,12.305500030517578,13.295597387548804,10.982596245753683,10.982596245753683,43585
2009-01-30,11.315403938293457,11.964375394379273,10.167223181543898,10.167223181543898,1650
2009-02-02,11.648207664489746,11.648207664489746,11.648207664489746,11.648207664489746,50
2009-02-03,10.816191673278809,11.14899725352972,10.816191673278809,10.816191673278809,555
2009-02-04,10.816191673278809,10.816191673278809,10.816191673278809,10.816191673278809,500
2009-02-05,10.732990264892578,11.315401241343638,10.150580081912638,10.816192059663049,2010
2009-02-06,10.192180633544922,10.96595460085949,10.150579737570927,10.96595460085949,1900
2009-02-09,9.992496490478516,10.816190832688683,9.984176153251092,10.816190832688683,1755
2009-02-10,9.767852783203125,10.81619153809799,9.651371228306639,10.80787120032793,990
2009-02-11,10.400184631347656,10.583228103031287,10.400184631347656,10.466745749510592,1765
2009-02-12,9.984177589416504,9.984177589416504,9.984177589416504,9.984177589416504,1440
2009-02-13,10.133939743041992,10.932673921707437,9.684651817134624,9.984176836582508,1170
2009-02-16,10.133939743041992,10.133939743041992,10.133939743041992,10.133939743041992,0
2009-02-17,9.576489448547363,10.982593951393442,9.218722871353467,10.982593951393442,5410
2009-02-18,10.14225959777832,10.15057993582985,7.704456885129206,9.318565173983615,795
2009-02-19,10.150580406188965,10.816192405203402,10.150580406188965,10.799551728329247,4760
2009-02-20,9.651372909545898,10.649790605212766,9.318566482009462,9.651372909545898,7260
2009-02-24,10.233782768249512,10.350264338910693,9.093922524027784,10.350264338910693,2350
2009-02-25,10.533305168151855,10.633146829287064,9.451685982313947,10.400182953304911,7200
2009-02-26,9.842735290527344,10.441786185132374,9.65137226214404,9.984177873885075,445
2009-02-27,9.734573364257812,10.150580779768584,9.576490895491036,9.576490895491036,1425
2009-03-02,9.49328899383545,10.400185276940006,9.027361137772392,9.984177865862405,4590
2009-03-03,10.383543968200684,10.732990235733507,8.736155101378335,10.732990235733507,5395
2009-03-04,9.80113410949707,10.034098824503198,9.318565589581892,9.984177587438701,8050
2009-03-05,10.483386993408203,10.483386993408203,9.23536477007252,9.23536477007252,1800
2009-03-06,10.816191673278809,10.816191673278809,9.493288103207025,9.984176929180439,5210
2009-03-09,9.917616844177246,10.48338718289303,8.885918644671785,9.418407628431416,15180
2009-03-12,10.133939743041992,10.283701856030392,9.959216616662955,9.984176836582508,1670
2009-03-13,10.150580406188965,10.316983207574788,9.435047963494352,9.435047963494352,13100
2009-03-16,10.4085054397583,10.816192505293998,10.067379495392874,10.483386899442644,4165
2009-03-17,9.609770774841309,10.483386444094359,9.410087420003789,10.483386444094359,500
2009-03-18,10.08401870727539,10.649788993009121,9.900975239513695,10.633148317089375,1500
2009-03-19,10.316981315612793,10.316981315612793,10.316981315612793,10.316981315612793,400
2009-03-20,10.591547966003418,10.591547966003418,9.984177546145702,9.984177546145702,490
2009-03-23,10.965954780578613,11.481803836085454,10.09233912469158,10.649789076854207,25
2009-03-24,10.158900260925293,10.816191890206703,9.58481042511084,10.816191890206703,1125
2009-03-25,10.608187675476074,10.63314789489353,8.711194336856957,10.050737749836117,1300
2009-03-26,10.62482738494873,10.816190372206302,9.817772958081457,10.816190372206302,4200
2009-03-27,10.158900260925293,10.816191890206703,9.019040133866197,10.30866317177737,9735
2009-03-30,9.518248558044434,10.649789145739506,9.493288337277956,9.651371586898232,5510
2009-03-31,10.308663368225098,10.483386503058442,9.318565339679102,9.318565339679102,100
2009-04-01,10.400184631347656,10.974274473870755,10.167220717777381,10.300342954103252,6645
2009-04-02,10.741311073303223,10.891073993058031,9.984177722935964,10.891073993058031,2175
2009-04-06,10.782912254333496,10.782912254333496,10.782912254333496,10.782912254333496,0
2009-04-08,11.656526565551758,11.814609015230518,10.483385922420238,10.483385922420238,4165
2009-04-09,11.24884033203125,13.295595951945865,11.232199655379357,11.648207050023037,13680
2009-04-13,11.065796852111816,11.074117190434677,10.74131079876049,10.74131079876049,510
2009-04-15,11.373642921447754,13.129193947452615,11.148998533876984,12.16405686041786,5590
2009-04-16,11.648207664489746,12.646625305608916,11.148998447194572,12.646625305608916,10290
2009-04-17,11.14899730682373,11.64820647305749,11.14899730682373,11.64820647305749,1505
2009-04-20,11.415245056152344,11.981014668713359,10.816194084675296,11.981014668713359,3500
2009-04-21,11.065796852111816,11.764689401809362,10.982595055825486,10.982595055825486,2195
2009-04-22,11.465163230895996,11.465163230895996,11.465163230895996,11.465163230895996,1000
2009-04-23,11.465163230895996,11.465163230895996,11.465163230895996,11.465163230895996,0
2009-04-24,10.649789810180664,10.849473175712957,10.649789810180664,10.766271376672254,2460
2009-04-27,11.315403938293457,11.332043825130883,10.816194637629716,10.816194637629716,2250
2009-04-28,11.356999397277832,11.356999397277832,11.315399300499067,11.315399300499067,250
2009-04-29,10.907715797424316,11.981015059900981,10.158902653732241,10.158902653732241,14485
2009-04-30,10.907715797424316,10.907715797424316,10.907715797424316,10.907715797424316,0
2009-05-04,11.981012344360352,12.638303979481336,9.984177218123998,10.108979115962102,81515
2009-05-05,11.964371681213379,12.39701891984058,11.565004205932592,12.380379038167373,3435
2009-05-06,11.648207664489746,12.230617889019998,11.30708170984222,11.30708170984222,2555
2009-05-07,11.573326110839844,11.814610378810602,10.683070500304831,11.232200158895445,4320
2009-05-08,11.315403938293457,13.645045225467424,10.58323066760658,13.645045225467424,5965
2009-05-11,10.658108711242676,11.648205860235423,10.516666148033561,11.648205860235423,1395
2009-05-12,10.982595443725586,10.982595443725586,10.54162781216399,10.982595443725586,800
2009-05-13,11.024195671081543,11.298760480921356,10.48338638951127,10.48338638951127,4040
2009-05-14,10.982595443725586,11.981013067069519,10.982595443725586,11.981013067069519,19800
2009-05-15,11.03251838684082,11.964375032195656,10.98259714089713,11.48180642644889,9885
2009-05-18,10.999237060546875,10.999237060546875,10.999237060546875,10.999237060546875,0
2009-05-19,11.573326110839844,12.979431612112093,10.849473306927568,12.979431612112093,16030
2009-05-20,12.23061752319336,12.23061752319336,11.897811917265152,12.23061752319336,2725
2009-05-21,13.145832061767578,14.61017729097068,12.23061559922849,12.23061559922849,39975
2009-05-22,13.353837013244629,14.80986292502268,12.255577722271383,13.728244311050192,15165
2009-05-25,14.601861953735352,14.976269321551172,13.27895883018089,13.927930278609479,8130
2009-05-26,14.310652732849121,15.750037708358914,13.911284491478145,14.976263823564048,50130
2009-05-27,14.751622200012207,15.80828138954816,14.477057376197747,15.80828138954816,4615
2009-05-28,14.976265907287598,15.808280679914686,14.976265907287598,15.799960341755348,4125
2009-05-29,15.991320610046387,17.455666548615117,14.976263333205978,14.98458366993524,29725
2009-06-01,15.958044052124023,16.640295931400686,15.475475533591094,16.640295931400686,9375
2009-06-02,15.45051097869873,15.783316503692888,14.601855699757191,15.483792324669107,6500
2009-06-03,15.583638191223145,16.049567662725593,14.809864105382665,16.049567662725593,8000
2009-06-04,15.392271995544434,16.041244034763842,14.809861069044288,16.041244034763842,8430
2009-06-05,15.375632286071777,15.958043249141763,15.209230287296215,15.958043249141763,3120
2009-06-08,14.793225288391113,18.09632382433899,14.310656716553105,16.640297769507118,10500
2009-06-09,14.918025970458984,14.926346309088688,14.460416867479225,14.926346309088688,1345
2009-06-10,14.643462181091309,15.142671425651484,14.543619697402297,14.80986420464974,7975
2009-06-11,14.576896667480469,15.708435482754657,14.4104931070574,15.708435482754657,7400
2009-06-12,14.601861953735352,16.51549731921023,13.911289598497085,16.51549731921023,12110
2009-06-15,14.643462181091309,15.309073449209915,13.836406733187252,14.976267815150612,13535
2009-06-16,13.786482810974121,14.63513815419281,13.420395912282169,13.420395912282169,4500
2009-06-17,14.352254867553711,15.425554688946526,14.061049378939535,14.7266621510494,25335
2009-06-18,14.967947959899902,15.558679368030312,13.229036680404427,15.558679368030312,2410
2009-06-19,14.809863090515137,14.942985334124174,14.310655470452408,14.942985334124174,6500
2009-06-22,14.618498802185059,14.959624720363394,12.846307301761692,14.23577278157217,7440
2009-06-23,14.793225288391113,14.793225288391113,13.919608703326514,13.919608703326514,2500
2009-06-24,14.543619155883789,14.751622867793829,14.144252409882686,14.144252409882686,7500
2009-06-25,14.801542282104492,14.801542282104492,14.23577203191196,14.23577203191196,960
2009-06-26,14.269051551818848,14.926343915689454,14.144249666269591,14.31065323829665,3525
2009-06-29,14.260733604431152,14.726663049413624,14.185852143164054,14.185852143164054,3000
2009-06-30,13.836408615112305,14.144254860327134,13.836408615112305,14.019452928948073,8500
2009-07-01,13.187435150146484,14.46873714149467,12.688225943189893,14.46873714149467,5760
2009-07-02,14.210814476013184,14.42713854116921,13.47864205982104,13.47864205982104,6835
2009-07-03,14.310652732849121,14.593537843138469,13.49527716304581,14.393852928981973,4290
2009-07-06,13.47864055633545,14.22745356792246,13.47864055633545,14.22745356792246,500
2009-07-07,13.528557777404785,13.528557777404785,13.528557777404785,13.528557777404785,500
2009-07-08,13.39543628692627,14.24409161741525,12.54678095643729,12.979428958679753,2975
2009-07-09,14.285694122314453,14.285694122314453,12.754786769484891,12.81302755134108,2650
2009-07-10,13.145832061767578,13.24567372784022,13.145832061767578,13.237353390633077,935
2009-07-13,13.645042419433594,13.645042419433594,13.14583401490084,13.162473898316359,17000
2009-07-14,13.90296745300293,14.851465465983615,12.2555784224283,12.2555784224283,2550
2009-07-15,13.37879753112793,14.693380813388853,13.312236412542905,14.693380813388853,2480
2009-07-16,13.412078857421875,13.478639975875538,13.403758519247388,13.403758519247388,240
2009-07-17,13.39543628692627,14.144249160381598,13.312234503888563,13.911284485264423,835
2009-07-20,14.277373313903809,14.5852194767923,13.478639897126476,13.645041898817302,3195
2009-07-21,14.144251823425293,14.277374066572735,13.67832397240925,14.277374066572735,1150
2009-07-22,14.144251823425293,14.144251823425293,14.144251823425293,14.144251823425293,500
2009-07-23,14.327293395996094,14.5602580968448,14.019448827779003,14.019448827779003,1645
2009-07-24,14.809863090515137,15.79164082733853,14.502018497272608,14.893064889506366,14500
2009-07-27,15.150988578796387,15.508755192752584,14.851464333227934,14.97626623445998,10290
2009-07-28,15.442193984985352,15.442193984985352,15.442193984985352,15.442193984985352,900
2009-07-29,14.801542282104492,15.475473745096373,14.310653481904625,15.467153407659177,4780
2009-07-30,14.976265907287598,14.976265907287598,14.64346031562521,14.64346031562521,4500
2009-07-31,14.294011116027832,15.300748022698608,14.152568570212559,14.660097985245347,4505
2009-08-03,14.327293395996094,14.393854512389696,14.260732279602491,14.393854512389696,1500
2009-08-04,14.460415840148926,15.126028600756305,14.327293605415894,14.97626568994609,14500
2009-08-05,14.809863090515137,14.942985334124174,14.809863090515137,14.942985334124174,190
2009-08-06,14.635141372680664,14.967946996070475,14.327295179206095,14.327295179206095,25315
2009-08-07,14.452095985412598,14.452095985412598,13.927925837605303,13.927925837605303,1185
2009-08-10,14.036089897155762,14.526977152483171,13.977847530103945,13.986167868254205,765
2009-08-11,14.518655776977539,14.643457652788582,13.811443031459026,13.811443031459026,2300
2009-08-12,14.11928939819336,15.142668722270333,13.977846830601724,15.142668722270333,1230
2009-08-13,15.117709159851074,15.625238701728076,13.478640555594138,13.478640555594138,10815
2009-08-14,15.275790214538574,15.62523644777776,14.59353842272447,15.225868190545777,9000
2009-08-17,14.671905517578125,16.58563232421875,14.62937890412286,16.58563232421875,6330
2009-08-18,15.36935043334961,15.479922210124187,15.30981253306458,15.479922210124187,4890
2009-08-19,15.309812545776367,16.670685096524824,14.884539975060358,16.670685096524824,4410
2009-08-20,18.371776580810547,18.371776580810547,15.973239384685773,15.973239384685773,73360
2009-08-21,20.498138427734375,22.037624694113827,18.62693844989006,18.62693844989006,167380
2009-08-24,21.016969680786133,21.43373822799107,19.919767291160277,21.43373822799107,33270
2009-08-25,20.727787017822266,21.204091870527108,20.013328927621902,20.15792167497879,17435
2009-08-26,20.021839141845703,20.838361932758264,19.715642284110203,20.668252206841526,13060
2009-08-27,18.76302719116211,20.821346698568224,18.39729248519907,19.069223990998378,30555
2009-08-28,18.065582275390625,19.34140024644041,18.031561306418247,19.332894598625707,8970
2009-08-31,18.312240600585938,19.222323797486546,18.12511959931086,18.371778511069323,8595
2009-09-01,18.465333938598633,18.848079894872956,18.201665403324146,18.405796039241757,4745
2009-09-02,17.614791870117188,18.524876677271905,17.521232993002982,18.51637102984582,2320
2009-09-03,17.955007553100586,19.222319555518347,17.027913265713426,17.027913265713426,6400
2009-09-04,18.218679428100586,18.218679428100586,18.218679428100586,18.218679428100586,500
2009-09-07,19.290361404418945,19.88574194786387,18.899109849779467,19.88574194786387,10745
2009-09-08,20.88088035583496,21.221099674107695,19.222318479542118,19.222318479542118,58040
2009-09-09,20.9404239654541,21.41672883294112,19.90275776199956,20.88088443751775,28235
2009-09-10,22.45439338684082,23.041270040353535,21.085016691692825,21.093520716244292,104420
2009-09-11,21.969581604003906,22.403359833952603,21.782462251241906,22.114174347320137,12005
2009-09-14,22.45439338684082,22.59898613850957,21.807978827750315,22.114175624763252,13470
2009-09-15,22.624500274658203,23.1348276656613,22.45439060356182,22.939201057214643,24000
2009-09-16,21.95256996154785,22.964719148635226,21.944064315336984,22.62450141163119,56500
2009-09-17,22.02912139892578,22.60749242188543,21.61235442586046,22.45439401906831,6785
2009-09-18,22.13968849182129,22.284281216886594,21.50177969693659,22.114171556002958,1245
2009-09-22,22.11417579650879,22.11417579650879,21.773958031788986,21.773958031788986,2760
2009-09-23,22.03762435913086,22.394853381387946,21.773955821029663,21.85901065914537,30920
2009-09-24,22.522436141967773,22.79461034199493,21.29765224184557,21.29765224184557,20500
2009-09-25,22.45439338684082,23.47504829535978,22.199230470854207,22.760590183853758,62355
2009-09-29,22.709556579589844,22.96471948045825,22.224744472282016,22.224744472282016,5335
2009-09-30,22.49692153930664,22.964720757678176,22.216241683826468,22.216241683826468,18850
2009-10-01,22.85415267944336,22.922196237821385,22.38635179609383,22.79461314636199,2985
2009-10-05,22.4628963470459,22.888168904350497,21.77395525845255,21.77395525845255,4470
2009-10-06,22.369338989257812,22.394855930282596,21.78246394626444,21.81648491201119,3295
2009-10-07,22.573469161987305,22.964719154062884,21.952569966736288,21.952569966736288,12000
2009-10-08,23.704694747924805,23.704694747924805,21.94406487244424,21.94406487244424,25000
2009-10-09,23.789745330810547,24.155479975194982,23.49205585029856,23.568603415083075,14485
2009-10-12,23.551591873168945,24.138466764316362,23.007241961487487,23.526074938746326,5370
2009-10-13,23.551591873168945,23.551591873168945,23.551591873168945,23.551591873168945,0
2009-10-14,24.57225227355957,24.665812772171854,23.781244914748243,24.155485286911027,50475
2009-10-15,24.334095001220703,25.720482753189266,24.155479692716273,25.720482753189266,25770
2009-10-16,24.546733856201172,25.32923546891327,24.019395142777,25.32923546891327,5530
2009-10-20,24.112957000732422,25.51635627119066,24.078934413673437,25.51635627119066,30195
2009-10-21,23.849288940429688,25.091084192977963,23.31344453901459,23.98537604694768,21080
2009-10-22,23.075288772583008,24.155481482157025,22.67553314360922,23.475046023842893,8680
2009-10-23,23.185863494873047,23.815266779367697,23.049776385916708,23.806761132272136,7630
2009-10-26,23.849288940429688,24.223527672211038,22.292789617843347,23.134830820067073,47000
2009-10-27,22.81162452697754,24.31709008680285,22.803118879362625,23.04977779333592,9500
2009-10-28,23.16884994506836,23.30493704077588,22.284283822969478,23.117817689749575,2500
2009-10-29,22.326812744140625,22.94771038539087,22.114176432291668,22.28428613068536,5470
2009-10-30,22.11417579650879,23.13483071295447,22.11417579650879,22.41186694899597,3330
2009-11-03,21.102027893066406,22.080154638314998,21.00846901564058,21.348686802385345,9980
2009-11-04,20.58319091796875,21.263626311006583,20.24297159916389,21.263626311006583,3000
2009-11-05,20.11539077758789,21.059496333644145,19.55403115568579,20.39607058853894,23060
2009-11-06,20.05585289001465,20.5831915525924,19.902754516289303,20.5831915525924,4395
2009-11-09,21.050992965698242,21.263629258281053,19.928273600426788,19.928273600426788,10465
2009-11-10,21.433744430541992,21.7739622613486,20.583199042382176,20.583199042382176,52000
2009-11-11,22.97322654724121,22.97322654724121,21.43374015593727,21.43374015593727,17500
2009-11-12,23.075288772583008,23.458034731813516,22.4543912140856,22.4543912140856,4610
2009-11-13,22.156700134277344,22.794608986000714,21.603846120574307,22.139690464502156,17285
2009-11-16,22.505422592163086,23.262408835153785,21.705911365325857,21.705911365325857,11435
2009-11-17,22.79460906982422,22.96471874649044,22.6245010154441,22.6245010154441,7500
2009-11-18,22.581974029541016,22.964720011988636,22.462898222684508,22.62450226219419,4095
2009-11-19,22.11417579650879,23.10080812533936,21.961077396813312,23.10080812533936,3405
2009-11-20,21.90154266357422,22.199233859186897,21.60385146796154,22.114179000113776,12595
2009-11-23,21.807981491088867,22.92219702861206,21.77396052186937,21.77396052186937,2240
2009-11-24,21.731430053710938,22.454393826200743,21.697409087980628,22.454393826200743,2110
2009-11-25,21.859010696411133,22.871158242626656,21.816482466137725,22.871158242626656,15635
2009-11-26,22.735071182250977,23.670671159860447,21.19558493448602,21.79096718086099,34165
2009-11-27,21.78246307373047,22.735072788489184,21.773957427062918,22.735072788489184,7225
2009-11-30,22.641511917114258,23.134828024195723,21.944063552639147,21.944063552639147,3405
2009-12-01,23.730207443237305,24.29156706709881,21.26362703198432,21.26362703198432,37815
2009-12-02,23.092302322387695,23.985375773814226,22.709557948021686,23.30493862668645,6745
2009-12-03,22.624500274658203,23.645153434378347,22.386347059580476,22.794608323468534,4940
2009-12-04,22.803115844726562,23.12632392193519,22.156701312595498,22.454392450355172,5045
2009-12-07,22.59898567199707,22.964720367037913,22.539447767648323,22.964720367037913,16665
2009-12-08,23.509069442749023,23.560103324171145,22.199230643020368,22.199230643020368,7190
2009-12-09,22.879667282104492,23.475049615948148,22.71806322766927,22.964722132980206,5535
2009-12-10,23.287925720214844,23.77273782316135,22.564963633496,23.77273782316135,10070
2009-12-11,23.36447525024414,24.631787359649092,22.794609921102275,24.631787359649092,10620
2009-12-14,23.30493927001953,23.543092521431415,22.981732792369257,23.47504896706892,12175
2009-12-15,22.479909896850586,22.811622005737952,22.207735692400824,22.811622005737952,5605
2009-12-16,22.59898567199707,23.64515587714677,22.437381629988884,22.437381629988884,3460
2009-12-17,23.04127311706543,24.665814567412063,22.65002142171751,23.645159522604562,5280
2009-12-18,22.84564208984375,23.63664929880499,22.837136444100658,23.63664929880499,3245
2009-12-21,22.564964294433594,22.964719946516592,22.556458647927208,22.837138493493185,5240
2009-12-22,22.45439338684082,23.296432956340148,22.241757082756557,22.241757082756557,1935
2009-12-23,22.956212997436523,22.964718643460287,22.479908176108566,22.479908176108566,6265
2009-12-24,24.31708526611328,24.648797345903347,22.96471838688075,22.96471838688075,91775
2009-12-29,26.690105438232422,26.7496449599917,25.482331289979143,25.482331289979143,247530
2009-12-30,27.276979446411133,27.719263260989194,26.56252147587302,27.217441552580613,83130
2009-12-31,27.276979446411133,28.067986601098756,27.04733189396261,27.481111685667113,51365
2010-01-04,28.552799224853516,29.08864355529332,27.472606540443422,28.578314540017086,92540
2010-01-05,28.544296264648438,28.918534960801033,28.23809949299075,28.688887382057764,61795
2010-01-06,31.402128219604492,31.402128219604492,28.756935289398957,28.91003368980604,199035
2010-01-07,31.29155731201172,33.273325853771944,30.619625854833302,32.32071618010182,425400
2010-01-08,30.5941104888916,32.81403387891948,30.279406443132252,32.81403387891948,74425
2010-01-11,29.964710235595703,31.41914190562531,29.76908520786419,31.41914190562531,32810
2010-01-12,29.097152709960938,31.30006507405034,28.918538983174074,31.30006507405034,37905
2010-01-13,29.981719970703125,30.270905484600615,28.110519777517766,28.918538411458336,34510
2010-01-14,30.66214942932129,31.861417860157335,29.598968081254863,31.861417860157335,17960
2010-01-15,31.206499099731445,32.32071436837126,30.50905236503236,30.619624138456984,148760
2010-01-18,32.176124572753906,32.7289769733535,30.8917995796583,30.8917995796583,99030
2010-01-19,31.249032974243164,32.490828223256194,31.019385374290472,31.810392692603337,28115
2010-01-20,31.07040786743164,31.946471425310758,30.95983935332506,31.300055407191895,21715
2010-01-21,30.100797653198242,31.5552293377583,29.684032273085233,31.044903455497067,20380
2010-01-22,30.024240493774414,30.789732358980537,27.60869235137861,27.761790724419836,68360
2010-01-25,28.98657989501953,30.959844357968123,28.918534726503683,30.959844357968123,17740
2010-01-27,27.430082321166992,29.56494931607077,27.217446024103683,29.097150111445966,25115
2010-01-28,26.094728469848633,28.06799318576705,25.431302592343794,28.06799318576705,50715
2010-01-29,26.281843185424805,27.710760830920666,24.283061882060714,24.487194133050142,24380
2010-02-01,27.030324935913086,27.97442893126697,25.448310467929566,25.448310467929566,31250
2010-02-02,27.14089584350586,29.25875471309476,26.87722729894562,27.2174450374566,19060
2010-02-03,26.639076232910156,27.472610165484387,26.53701171421623,26.724131080012608,15855
2010-02-04,26.46046257019043,27.047337609641275,26.043695603019113,26.043695603019113,6545
2010-02-05,25.184640884399414,26.06070129754554,23.857789362762862,26.06070129754554,13350
2010-02-08,25.50785255432129,26.366903475120548,24.66581292833858,24.66581292833858,4215
2010-02-09,25.984155654907227,26.026683889005366,25.55888304764337,26.026683889005366,1790
2010-02-10,26.622066497802734,27.897884412182155,26.026685777797493,26.19679385967626,30445
2010-02-11,26.55402374267578,27.540657785434597,26.026686563950754,27.345032755336163,8435
2010-02-15,26.001161575317383,27.234452530433273,25.8565688538368,27.234452530433273,4790
2010-02-16,25.414287567138672,26.537008492470985,24.35961180905627,24.699831156161498,29945
2010-02-17,25.176136016845703,26.690105300624893,24.9209715060512,26.690105300624893,17020
2010-02-18,25.4908390045166,26.09472693879156,25.048556734416405,25.516355944484125,3105
2010-02-19,25.839561462402344,26.188286473412703,24.920972746836092,25.51635501271388,11635
2010-02-22,24.4361629486084,25.831058165033106,24.35110810504932,25.465323473329423,4485
2010-02-23,24.300073623657227,24.83591795343355,23.81526316871697,24.83591795343355,4965
2010-02-24,23.900318145751953,24.325590704849724,23.832274601187752,24.01939394316779,1020
2010-02-25,23.840784072875977,25.49934634614218,23.815267131212313,25.49934634614218,4035
2010-02-26,23.16884994506836,24.240537040479694,22.803115266997093,22.803115266997093,15275
2010-03-02,24.66581153869629,25.16763335150784,23.543092100638674,24.835921232705257,14640
2010-03-03,24.657304763793945,25.49083865727723,24.580755567220358,25.49083865727723,4435
2010-03-04,24.495702743530273,25.75451095635741,24.266056757163717,24.368121279485223,29275
2010-03-05,24.453176498413086,25.16763465458441,23.98537724909712,23.98537724909712,8555
2010-03-08,24.869943618774414,25.006030732840745,24.155485458782987,24.665812947674915,20070
2010-03-09,24.546733856201172,24.835919340613437,24.342603212313602,24.835919340613437,1540
2010-03-10,24.155479431152344,24.58925760735345,23.866293980351607,24.495697131422048,10700
2010-03-11,24.16398811340332,24.648798600004945,23.9938784307459,24.32559214969925,5195
2010-03-12,24.3851318359375,24.597768143672464,23.815266466316334,24.597768143672464,10205
2010-03-15,23.789745330810547,24.325589640304116,23.364472790323713,24.325589640304116,16800
2010-03-16,23.381488800048828,23.798255779161824,22.369339495182228,23.492060591370713,25570
2010-03-17,23.63665008544922,23.976867815065436,23.330453317651575,23.330453317651575,4975
2010-03-18,23.68768310546875,23.81526455541553,23.645154873962387,23.645154873962387,1195
2010-03-19,23.985374450683594,24.12146154814478,23.47504702406106,24.12146154814478,4405
2010-03-22,23.755722045898438,24.155477610804155,23.475042261542114,24.061918764209274,6370
2010-03-23,23.30493927001953,24.49570228250634,23.30493927001953,23.560103815593614,4815
2010-03-25,23.236894607543945,24.26605514327051,23.13483009201057,23.219883314192973,5085
2010-03-26,23.321949005126953,23.8152651468488,23.270916748338124,23.47504739777963,9105
2010-03-29,22.709556579589844,24.32559207042412,22.539446897486798,24.32559207042412,22695
2010-03-30,23.781240463256836,24.64029121781577,22.99023487479624,22.99023487479624,8935
2010-03-31,25.856569290161133,26.537006306022654,23.3049341308238,23.3049341308238,63120
2010-04-01,27.702253341674805,27.897878323166974,25.83955913899392,26.366897808979356,111955
2010-04-05,29.207721710205078,29.76908140112919,27.906388618647448,28.067991035350378,91215
2010-04-06,28.680383682250977,29.752069150588895,28.54429658715136,29.598970763030295,40620
2010-04-07,28.71440315246582,29.513917678792826,27.74478218992415,27.761793482460075,41145
2010-04-08,28.671878814697266,29.769082935888868,28.408211870934394,28.918537709149184,65405
2010-04-09,28.501766204833984,28.918534750914827,27.2259484952348,27.2259484952348,13200
2010-04-12,28.535789489746094,29.343808041245577,28.493262880629764,28.629349976545402,15500
2010-04-13,28.84198760986328,29.377831994485625,28.493264207553732,28.5783174297473,13775
2010-04-15,28.799467086791992,29.394849501724405,28.23810726575815,28.408216990677857,23830
2010-04-16,27.506629943847656,28.74842506893927,27.4045654355781,28.74842506893927,16020
2010-04-19,26.945270538330078,27.506630206021445,25.85657216526609,27.506630206021445,10070
2010-04-20,27.472606658935547,27.549155849328542,26.70711637729168,26.70711637729168,7795
2010-04-21,27.7788028717041,28.15304154813624,27.55766257303331,27.55766257303331,35675
2010-04-22,28.246601104736328,28.91002846819908,28.067987418046034,28.22958981392221,17970
2010-04-23,28.314651489257812,29.428863664183282,28.238102288764473,29.428863664183282,6340
2010-04-26,28.510276794433594,29.428863965176237,28.450738887282338,29.428863965176237,16050
2010-04-27,28.30613899230957,28.654862342470643,27.9999422468858,27.9999422468858,2975
2010-04-28,27.200437545776367,28.17856591131634,27.132393988566193,28.17856591131634,30080
2010-04-29,28.10201644897461,28.697398785818752,27.259975205576467,28.697398785818752,9975
2010-04-30,28.510276794433594,29.428863965176237,28.32315580363102,28.918538119716168,20855
2010-05-03,28.0424747467041,28.833481998955662,27.676740071165327,28.833481998955662,11365
2010-05-04,27.217445373535156,29.071634099173025,27.217445373535156,29.071634099173025,10525
2010-05-05,27.021820068359375,27.200433772903835,26.537009587697394,26.62206280569791,1855
2010-05-06,27.047334671020508,27.53214513888753,26.588041141251896,26.622062103097,7440
2010-05-07,25.856569290161133,26.707114343273577,25.235671790737673,26.026678949698,14165
2010-05-10,27.106876373291016,27.217446536037727,26.664592477731706,26.664592477731706,13715
2010-05-11,27.08986473083496,27.2004348921571,26.571031643794726,26.656086487581256,8300
2010-05-12,27.387554168701172,28.391197693898885,26.00967032750229,26.562524344282995,47685
2010-05-13,27.498126983642578,29.25024796242313,26.8091842258885,27.047335835919483,14845
2010-05-14,26.588045120239258,28.067993683417836,26.5370128586914,28.067993683417836,11330
2010-05-17,27.42157745361328,27.71076293850909,22.794609695280307,22.794609695280307,21695
2010-05-18,27.379051208496094,28.918539322846765,27.217448774444016,27.89788434489057,2385
2010-05-19,26.04369354248047,27.557664513016896,25.95863870192698,27.557664513016896,5495
2010-05-20,26.035186767578125,27.123883488152398,25.746001295604067,27.123883488152398,5035
2010-05-21,25.4908390045166,25.771518855014477,24.903963985839546,25.771518855014477,5425
2010-05-24,25.473833084106445,25.69497344057282,25.235679809537285,25.652446823318467,6000
2010-05-25,23.900318145751953,25.176135823045268,23.82376895533147,24.835918100224262,8750
2010-05-26,24.487194061279297,25.405782698895273,23.823768303223193,23.823768303223193,3705
2010-05-27,24.376625061035156,25.17613799536493,23.985375051603565,24.827414596598093,5605
2010-05-28,24.827415466308594,25.431301794790652,24.606273514075564,24.606273514075564,2205
2010-05-31,25.244178771972656,26.171273058713876,24.291567548264656,24.495698177140792,12365
2010-06-01,24.18099594116211,25.51635140513158,24.036403218308262,24.67431200343655,4400
2010-06-02,23.92583656311035,24.495701931078017,23.81526639721496,24.172495458064635,5050
2010-06-03,24.334095001220703,24.65730141440522,24.232028878891605,24.65730141440522,6595
2010-06-04,24.240535736083984,24.623281686094472,23.900318015122476,24.2915679886567,3450
2010-06-07,24.274559020996094,24.56374287545789,22.36933648396774,22.36933648396774,3350
2010-06-08,23.466543197631836,25.244182871155378,23.049776226548815,25.244182871155378,5945
2010-06-09,23.63665008544922,24.138470222704324,23.560100893499808,24.138470222704324,4150
2010-06-10,23.602628707885742,25.176137612868697,22.641513369802983,22.641513369802983,7925
2010-06-11,23.951353073120117,23.98537566034437,23.79825467518349,23.79825467518349,2275
2010-06-14,25.04855728149414,25.176138739545785,24.32559352281982,24.32559352281982,3500
2010-06-15,24.835920333862305,25.17613808728106,24.189505791223564,24.189505791223564,5095
2010-06-16,24.563745498657227,25.856574636030313,24.19801241292344,25.091084254420505,14865
2010-06-17,24.60626983642578,24.989014155469896,23.99387633029756,23.99387633029756,6175
2010-06-18,24.61478042602539,25.006030469270623,24.49570298575768,25.006030469270623,12435
2010-06-21,25.575895309448242,26.366902648468095,24.835921853278023,24.835921853278023,27835
2010-06-22,25.8820858001709,26.36689621290699,25.346241517041385,25.346241517041385,24015
2010-06-23,28.05097770690918,28.901522828081337,26.02668103232531,26.196789083188097,52605
2010-06-24,27.60869789123535,28.910034323207,27.336523672231277,28.603837515684262,27265
2010-06-25,27.345027923583984,27.897880325417322,26.96228195642413,27.21744485300661,9845
2010-06-28,27.583179473876953,27.625706082462212,26.962281903729874,26.979291573792302,11535
2010-06-29,27.217445373535156,28.70589941740036,26.366900205612183,27.557664738533276,21675
2010-06-30,27.328018188476562,28.076495628493852,26.877228648387604,26.877228648387604,8680
2010-07-01,27.438583374023438,27.481113224488325,26.894236653908244,27.45559466529498,11680
2010-07-02,27.242961883544922,27.387556255602636,26.894240101491626,27.22595059009269,10290
2010-07-05,27.217445373535156,27.642717957496643,25.788529231858774,25.788529231858774,6475
2010-07-06,27.33652114868164,27.75328970813007,27.259971953867534,27.75328970813007,4305
2010-07-07,27.99144172668457,28.807964320281602,27.25997235320592,27.25997235320592,56825
2010-07-08,28.178564071655273,28.49326489484942,28.016958403187918,28.32315520178656,33560
2010-07-09,28.093503952026367,28.748424076237956,28.06798863698309,28.15304185017541,46515
2010-07-12,28.399703979492188,28.74842738503231,28.238101557998345,28.56981367002767,16750
2010-07-13,28.374187469482422,28.748426177280333,27.727771321518713,28.57831649389134,20555
2010-07-14,29.0120906829834,29.939184869600002,28.4847536875764,28.4847536875764,245805
2010-07-15,29.60747718811035,30.415492467174268,29.19921591444175,29.19921591444175,85230
2010-07-16,29.326793670654297,30.36445969595919,29.07163079816495,30.36445969595919,17360
2010-07-19,28.90152931213379,29.598976208401265,28.663377663039398,29.258760030348256,35115
2010-07-20,28.9355525970459,29.598976918041924,28.578321870266766,28.578321870266766,24160
2010-07-21,28.535789489746094,29.020599971731325,28.44222900294679,28.94405077749301,13740
2010-07-22,29.35230827331543,33.970768158382015,28.74842206598955,31.759352324295083,35690
2010-07-23,29.088645935058594,29.71804755411404,28.91853624938304,29.173699155610176,17085
2010-07-26,28.884517669677734,29.92218397611,28.74843055117619,29.76908556222416,37685
2010-07-27,29.590463638305664,29.7690773235497,28.97807015224391,29.241740290869817,12710
2010-07-28,30.11780548095703,30.279407901333443,29.284271572126535,29.769082077828227,50180
2010-07-29,29.973215103149414,30.58560545774778,29.811609434161237,30.534574820865227,41930
2010-07-30,29.69252586364746,31.300055396867272,29.42885574521599,30.78972969394951,72395
2010-08-02,30.959848403930664,33.511484154433546,30.194356380950744,33.511484154433546,79210
2010-08-03,31.86992645263672,32.125089337864594,31.129949867532112,31.129949867532112,75385
2010-08-04,33.230804443359375,33.85170211987026,31.980501820419853,31.980501820419853,135415
2010-08-05,32.72047805786133,33.98778871189619,32.4057739672264,32.4057739672264,69840
2010-08-06,32.89908218383789,33.68158205794111,32.68644592527874,33.001146679466174,50970
2010-08-09,33.13724136352539,33.34137364622288,32.66944213620216,33.17126395140373,39715
2010-08-10,32.58438491821289,33.341369560596576,31.98900268158985,32.677942156555055,27985
2010-08-11,32.72047805786133,33.0777055191363,32.4908304422248,33.00115631392413,60365
2010-08-12,32.38875961303711,32.814032171540816,32.06555156009409,32.814032171540816,17085
2010-08-13,33.0096549987793,33.09470820708486,32.66093165341142,32.82253404702075,27145
2010-08-16,34.32801055908203,35.19556719820159,33.094719162944244,33.094719162944244,173500
2010-08-17,33.7241096496582,34.83832149345764,33.59652660522743,34.69373040470293,40095
2010-08-18,34.319496154785156,34.43006793485995,33.256314697145314,33.256314697145314,40000
2010-08-19,34.57465362548828,36.063107292730706,34.1919077478545,36.063107292730706,49080
2010-08-20,34.072845458984375,34.46409551338305,34.0218115735778,34.19192128036025,27865
2010-08-23,34.28548049926758,35.03395798980574,34.03882159588509,34.4045563161908,45840
2010-08-24,34.11537170410156,34.69374275413808,34.038822499109294,34.53213707439176,35410
2010-08-25,32.992645263671875,34.34501210474915,31.18098328911807,33.7241145700444,42600
2010-08-26,33.79216384887695,34.02181146561861,33.08621294814321,34.004800170537074,29145
2010-08-27,33.46044158935547,34.634194638511985,33.341365804360365,33.434926276734174,22580
2010-08-30,33.77059555053711,34.769929349598534,33.4776871980704,34.769929349598534,9705
2010-08-31,33.805049896240234,34.25302420084847,33.253690586066384,33.2709208726038,14920
2010-09-01,33.93426513671875,34.11517817864269,33.42598329059403,33.42598329059403,15285
2010-09-02,34.12379837036133,34.28748114563421,33.71028139624501,33.942885310374336,12610
2010-09-03,34.55455017089844,35.278205792301485,30.427990100203186,34.11518606879237,45795
2010-09-06,37.1562614440918,39.387532495020125,34.8043816800875,34.8043816800875,344710
2010-09-07,38.29344177246094,39.456458354561185,37.56116927314385,37.974689639484254,286515
2010-09-08,37.37163162231445,38.52603436190239,36.699663690330596,38.508804077867865,38330
2010-09-09,37.00118637084961,38.25035394976364,36.18276600629625,37.47500764937826,35575
2010-09-13,36.73412322998047,38.54326356686852,35.01113431085313,38.0780557699824,29025
2010-09-14,36.992576599121094,37.4491709676143,36.09662472101855,36.889198168251774,40980
2010-09-15,37.052879333496094,37.38886497019079,36.346454061895614,37.216565402067054,18385
2010-09-16,36.25168991088867,36.52736788625857,36.18276877387585,36.52736788625857,32920
2010-09-17,36.55320739746094,36.73412043146507,36.32060351673834,36.35506408121731,13550
2010-09-20,36.39814376831055,37.044264663606,35.700332018308764,36.01047057386511,12670
2010-09-21,35.43326950073242,36.62212953770762,34.89052704868854,36.01046923495855,29535
2010-09-22,34.838836669921875,35.82955666722165,34.459780270034166,35.82955666722165,18700
2010-09-23,34.87330627441406,35.200675191974454,34.19272464902379,34.19272464902379,24775
2010-09-24,35.24374008178711,35.57972241305311,34.890527466053534,35.32127471872086,26990
2010-09-27,36.07938766479492,36.69966141996227,35.40741977438134,36.44121374811417,48120
2010-09-28,35.915706634521484,36.5273702631192,35.49357614504207,35.915706634521484,20415
2010-09-29,37.027034759521484,38.42265498753798,36.19138400804909,36.87196548014845,138755
2010-09-30,37.087337493896484,38.40542631098405,36.88058065465891,37.2165629831755,93165
2010-10-01,37.18210220336914,38.37957902337029,37.04426321587996,37.38886232777326,44615
2010-10-04,38.50019073486328,38.93955480117421,37.58700860377325,37.733461101649596,78590
2010-10-05,38.78448486328125,39.60290533941825,37.56116089881164,39.15492778104493,62510
2010-10-06,38.57772445678711,39.37030114263262,38.086672831802524,38.086672831802524,26290
2010-10-07,39.10324478149414,40.86930829871323,38.68111420940696,39.41338340624316,149640
2010-10-08,39.18077850341797,40.317951242820854,39.111860636417944,40.14565164580859,19955
2010-10-11,39.38752746582031,40.31793976670728,39.05154515476834,40.31793976670728,17115
2010-10-12,39.16353988647461,39.938886264972126,37.931602466384525,38.767253198060665,22520
2010-10-13,39.757972717285156,40.317942173688444,39.11185183858393,39.9733463435189,23745
2010-10-14,39.1204719543457,40.473018292951394,37.13903491512996,38.59495969163751,6235
2010-10-15,38.00052261352539,39.62874667954433,37.58700565123016,39.62874667954433,18280
2010-10-18,37.63008117675781,38.974013821049454,37.233794483328246,37.9402197320821,12635
2010-10-19,40.36963653564453,41.730796262844756,37.595622937031784,38.758642591577974,123350
2010-10-20,41.61018371582031,42.557829638150565,40.85206763522425,41.10190182908465,198030
2010-10-21,41.162208557128906,42.04093339269813,40.83484299421675,42.04093339269813,20020
2010-10-22,41.739410400390625,41.94616724607382,40.71422981221371,41.730793614788354,28730
2010-10-25,42.41999053955078,43.05749462790094,41.35173591573765,41.86863130014808,64650
2010-10-26,41.80833053588867,42.859354965567896,41.53265253570084,42.230464322243094,9400
2010-10-27,41.2569694519043,41.549877701804874,40.4902399029606,41.549877701804874,11770
2010-10-28,40.49885177612305,41.52403225279753,40.31793873424183,41.52403225279753,16730
2010-10-29,41.17082977294922,42.21323750213724,41.00714368753967,41.35174285923648,32860
2010-11-01,41.946170806884766,42.21323531543254,41.01575834964607,42.21323531543254,32320
2010-11-02,41.885868072509766,42.17877637873744,41.386202895027985,41.868637785515055,28395
2010-11-03,42.394142150878906,43.06611007331432,41.179435077601035,41.179435077601035,21425
2010-11-04,42.80766296386719,43.59162287213431,42.33384161910634,43.59162287213431,21810
2010-11-08,46.296722412109375,47.55450377095977,43.436557244881,44.45312116130561,160930
2010-11-09,48.347076416015625,48.81228429243427,46.54655255625408,46.86530792695266,138745
2010-11-10,48.639984130859375,49.837461094209125,48.433227268045314,49.070731429119924,72335
2010-11-11,46.968685150146484,49.52732511822248,46.563781643726095,49.52732511822248,98645
2010-11-12,44.634029388427734,47.89047741257958,44.28081678943953,47.89047741257958,76635
2010-11-15,45.771209716796875,46.348409530163146,44.84941074363444,45.331845623739696,41960
2010-11-16,44.18605422973633,47.554497634144795,43.24702508189147,46.17610444561928,221165
2010-11-18,41.48095703125,45.314604515145035,40.10256400759236,44.797709185236144,67215
2010-11-19,39.71489334106445,41.52403368112826,38.982624363686135,41.52403368112826,61142
2010-11-22,38.03498077392578,40.92098582833535,36.61351363587899,40.92098582833535,62346
2010-11-23,37.64731979370117,38.33651491009754,36.18277811739543,37.044272834476274,41656
2010-11-24,38.68109893798828,39.45644190741146,37.13040642646143,38.594947528269984,26787
2010-11-25,38.896484375,39.97335267678471,37.30271731655389,39.58567943087396,21640
2010-11-26,36.22584533691406,39.62874948233967,34.89052943553819,39.62874948233967,38597
2010-11-29,35.579734802246094,37.733471815533896,34.89053961526238,34.933613698259755,20197
2010-11-30,37.00118637084961,37.21655997802995,35.235123449238955,35.235123449238955,19637
2010-12-01,37.94883346557617,38.767253927990815,36.61351759865799,38.767253927990815,24809
2010-12-02,37.6042366027832,38.76725287448134,37.25963748491818,38.16420606138793,7955
2010-12-03,36.44121170043945,38.55187359355581,35.83816497578617,37.69037921157691,10170
2010-12-06,35.88124084472656,36.95810877780551,35.57971585166038,36.6135097246842,5276
2010-12-07,34.89052963256836,35.75202419139721,34.545930494500446,35.49357648101674,8056
2010-12-08,34.416709899902344,35.83817401696743,33.68443751867994,34.89053127225737,13917
2010-12-09,32.43526840209961,34.890526349171736,31.013801199263767,34.890526349171736,18068
2010-12-10,32.52142333984375,34.373638169099856,31.53070316859675,34.373638169099856,13817
2010-12-13,34.11518478393555,37.25964138280084,32.56449516400049,33.598289339404225,4901
2010-12-14,34.37363052368164,34.80437775687895,33.253685088296166,33.253685088296166,6568
2010-12-15,33.55522155761719,34.80438961682406,31.91838019916105,32.73680087838912,1767
2010-12-16,33.9859619140625,34.67515692233132,32.47834639570027,32.47834639570027,15842
2010-12-20,34.84745788574219,35.32127926742725,33.684438181961234,34.373636504057124,6627
2010-12-21,36.13970184326172,37.04427058397422,32.73679726025628,32.73679726025628,16773
2010-12-22,35.14897155761719,37.04425993235457,34.80437576260883,35.32127109829157,11516
2010-12-23,35.579734802246094,36.01048220490365,34.89053961526238,35.321287017919936,2068
2010-12-24,35.70895004272461,36.09662325061898,34.07210906998879,35.321276834830236,2602
2010-12-27,35.192047119140625,37.17348699172485,34.9335994402985,37.17348699172485,3844
2010-12-28,34.67515563964844,36.18277110224185,34.45978200213509,34.45978200213509,28210
2010-12-29,35.36434555053711,36.01046637041175,34.76129879471936,34.76129879471936,22641
2010-12-30,36.61351776123047,37.04426502900965,35.10590232400333,36.52736962221097,30546
2010-12-31,37.43193435668945,37.90575564498365,36.6135139752683,37.90575564498365,8077
2011-01-03,38.72418212890625,39.49952528111663,36.31199795590557,37.9057616185111,19764
2011-01-04,38.68109893798828,39.6287414405078,37.9919008056029,39.6287414405078,14506
2011-01-05,38.207279205322266,39.37029873522833,37.99190558345158,39.37029873522833,6037
2011-01-06,37.087337493896484,39.15492560431651,37.04426342625038,39.15492560431651,4956
2011-01-07,36.18276596069336,38.50880157257745,34.76129884055852,36.311991439374864,15643
2011-01-10,37.13042068481445,41.35174607816359,36.613525173374015,40.05950401322098,137960
2011-01-11,37.991905212402344,39.413372417402286,37.475009839497254,37.56115797286789,82987
2011-01-12,38.59495544433594,41.136365041330286,38.0349859548449,38.89648051068428,42013
2011-01-13,38.164207458496094,39.198001563595355,38.07805931904652,38.76725429366574,29936
2011-01-14,38.379581451416016,39.41337556615717,37.0873396295748,38.336507381289486,28010
2011-01-17,36.828887939453125,38.76725046258224,36.6996624567083,37.30270923228324,16673
2011-01-18,37.34579086303711,37.776538177657336,36.78582132583554,37.776538177657336,17036
2011-01-19,37.04426574707031,37.51808709354373,36.613518470941585,36.69966661163097,17804
2011-01-20,36.26891326904297,37.04425955092403,36.18276514276301,36.61351234684352,10560
2011-01-21,36.57044982910156,36.95812309243168,36.18277656577145,36.26892471924862,7407
2011-01-24,36.742740631103516,37.38886148661173,36.18276790846015,36.48428965982774,14003
2011-01-25,36.52737045288086,37.345787651200276,35.321276761135,35.321276761135,13493
2011-01-27,37.17348861694336,38.33650486575007,35.32127414597198,35.32127414597198,23089
2011-01-28,36.742740631103516,40.05949304150945,36.18276790846015,38.46572957912543,57244
2011-01-31,36.87196731567383,37.43194010643482,35.45050323244679,37.43194010643482,18723
2011-02-01,37.00118637084961,37.56115577771422,36.39813961347659,37.04426043501759,11098
2011-02-02,37.00118637084961,40.619463628747326,36.742738699501295,40.619463628747326,11856
2011-02-03,37.087337493896484,37.302711118467705,36.18276892796549,37.2165629831755,19839
2011-02-04,36.69967269897461,37.08734596906168,36.3981508702077,37.08734596906168,6522
2011-02-07,35.407432556152344,36.871974273765474,35.10591071120625,36.61352650862001,9892
2011-02-08,34.37363052368164,36.05354210407868,34.02903142258756,34.93359995503379,10705
2011-02-09,31.832229614257812,34.24441410122689,31.143034516029715,34.24441410122689,50766
2011-02-10,31.702993392944336,32.564487796482716,31.143024002448595,32.564487796482716,15344
2011-02-11,33.382911682128906,33.59828530588458,30.755354129577867,33.59828530588458,22363
2011-02-14,34.158260345458984,35.01975489857178,32.82294115906141,33.5982875713993,8141
2011-02-15,34.67515563964844,35.32127655218847,33.2967656740994,35.32127655218847,3804
2011-02-16,35.32128143310547,35.5366551003805,34.632086355093634,34.8905340985554,6284
2011-02-17,34.76129913330078,36.01046672116029,34.07210424265637,36.01046672116029,4316
2011-02-18,33.85673141479492,36.26891523085446,33.68443186657484,34.54592632133471,28832
2011-02-21,33.46906280517578,34.373634734781334,32.73679373356661,32.73679373356661,4750
2011-02-22,33.382911682128906,34.02903255339592,31.530697203293865,31.530697203293865,5070
2011-02-23,33.253684997558594,34.244404945745316,32.99523731561354,33.210610931624515,2521
2011-02-24,33.16754150390625,34.115184232338585,32.39219506330449,32.39219506330449,7957
2011-02-25,33.253684997558594,35.3212730258002,32.77986369960256,32.77986369960256,9770
2011-02-28,34.287479400634766,34.45977895266622,33.16753724194123,34.45977895266622,11716
2011-03-01,34.50285339355469,34.632078880565935,33.33983715581602,33.68443297727828,3555
2011-03-03,35.622798919677734,36.13969763006825,33.77058757821604,34.67515621347324,30302
2011-03-04,38.85340881347656,42.55783857227156,34.890534593892056,36.95812314362222,523459
2011-03-07,36.053550720214844,38.767260252420854,35.62280338407683,37.38887009131577,128429
2011-03-08,36.87196731567383,37.43194010643482,36.22584638156854,36.22584638156854,38699
2011-03-09,39.32722854614258,44.237744979942846,38.5949561877692,39.025703473986134,306456
2011-03-10,38.164207458496094,39.62874883352497,37.90575975380649,39.62874883352497,19061
2011-03-11,37.64731979370117,38.767262268637964,36.82889915520606,36.82889915520606,16057
2011-03-14,37.561161041259766,38.68110658461081,37.13041376653733,37.47501290085164,7335
2011-03-15,36.65658950805664,37.604235408929355,36.09662006722974,36.182768200790605,11744
2011-03-16,37.51808166503906,37.73345527194094,36.225840023627796,36.225840023627796,16965
2011-03-17,37.087337493896484,38.42265330896993,36.441216620182814,38.42265330896993,6141
2011-03-18,36.35506820678711,37.862683567252944,36.18276865118002,36.69966403166061,6653
2011-03-21,35.450496673583984,37.73345491323725,34.93359805012898,37.73345491323725,15378
2011-03-22,35.407432556152344,36.74275203436356,35.32128439655107,35.32128439655107,8142
2011-03-23,35.88124084472656,36.39813613806841,35.192042738483934,35.32126820498946,3954
2011-03-24,36.44121170043945,36.95811030143095,35.79509091395528,36.182764043113835,4921
2011-03-25,36.91504669189453,37.733467316633295,36.26892566494416,37.733467316633295,15360
2011-03-28,36.3120002746582,37.7334644543173,36.01047517981568,37.7334644543173,4859
2011-03-29,36.44121170043945,36.95811030143095,36.22583810494473,36.95811030143095,17212
2011-03-30,38.55188751220703,39.585681801087574,35.493582009289064,37.001197722056936,21171
2011-03-31,37.690391540527344,39.15493312622753,37.2165701327147,37.2165701327147,13246
2011-04-01,37.86268997192383,38.68111053474208,36.69967023960065,36.69967023960065,8811
2011-04-04,39.4995231628418,39.62874865778395,37.13041318873515,37.2596386836773,38077
2011-04-05,41.26559066772461,42.98857978476796,40.10257104191579,41.00713967109535,60390
2011-04-06,41.05021667480469,42.12708486368896,40.14564476706918,41.567112090932774,24129
2011-04-07,44.668487548828125,45.48690796347709,42.25630365802643,43.50547131340215,429226
2011-04-08,42.859352111816406,44.71156663319503,42.21323122570862,44.02236839227411,70072
2011-04-11,41.179439544677734,42.64398096226618,40.66254412027756,42.38553325006609,22151
2011-04-13,40.920989990234375,41.26558911521478,39.15492686897663,40.920989990234375,29650
2011-04-15,42.471683502197266,43.07473038485344,39.88719967910606,40.490246561762234,40683
2011-04-18,43.11780548095703,44.9700202459867,42.51475858399333,43.07473140681845,61624
2011-04-19,42.38554000854492,44.49620268635443,41.35174570856256,43.76393021762708,26627
2011-04-20,42.68705749511719,43.850077196603415,41.43788964670953,41.43788964670953,22347
2011-04-21,43.33317565917969,43.54854929892346,42.514755170885145,43.462401157562326,19939
2011-04-25,44.32389450073242,44.711567698905526,42.643979499542866,43.85007316356123,35299
2011-04-26,45.314613342285156,47.12375392206172,44.926943412506816,45.4869129145983,169299
2011-04-27,44.15160369873047,46.08996678794303,43.9362300221513,45.65921943478468,65183
2011-04-28,42.73012161254883,45.22845672725729,42.4285998822366,45.22845672725729,32929
2011-04-29,37.77653884887695,43.1178063023405,37.130417865466235,43.1178063023405,224361
2011-05-02,37.00118637084961,38.29342801393162,34.15825541333728,38.29342801393162,63302
2011-05-03,36.3120002746582,37.776538528911594,36.18277476453409,37.776538528911594,16965
2011-05-04,35.407432556152344,36.35507874347455,34.589015180915325,36.18277913793037,21889
2011-05-05,35.278202056884766,36.225844735988915,34.93360292647915,36.05354517078611,16734
2011-05-06,35.32128143310547,41.093296373344636,35.10590776583044,36.09662794983213,11287
2011-05-09,35.01975631713867,36.05354719367771,35.01975631713867,36.05354719367771,11890
2011-05-10,34.37363052368164,36.05354210407868,34.201330973134596,34.80437775687895,13122
2011-05-11,34.37363052368164,35.19204763768406,33.89980593809213,35.19204763768406,4920
2011-05-12,34.11518478393555,35.92432541247735,34.02903663862735,35.92432541247735,4132
2011-05-13,34.97667694091797,36.915039652119255,32.909092020774445,34.459781532467304,15443
2011-05-16,35.278202056884766,35.53664976151855,34.632081152129885,35.14897656139745,4292
2011-05-17,34.589012145996094,35.579729039849525,34.54593478363353,34.54593478363353,5924
2011-05-18,34.11518478393555,35.66587769021169,34.02903663862735,35.66587769021169,10093
2011-05-19,33.94288635253906,35.192050812428384,33.296765444455254,35.192050812428384,5585
2011-05-20,33.641361236572266,35.75202352354362,33.59828716670364,35.75202352354362,8091
2011-05-23,33.081390380859375,33.641359838563005,32.607565772972265,33.641359838563005,15313
2011-05-24,33.16754150390625,34.33055787846784,32.73679421164773,34.33055787846784,2265
2011-05-25,32.909088134765625,34.15825572508009,32.73678859018079,34.15825572508009,15761
2011-05-26,33.21061325073242,36.613517278599865,32.39219279547203,36.613517278599865,3642
2011-05-27,33.9859619140625,34.24440963137068,32.52142046752813,33.51214055127401,5743
2011-05-30,33.21061325073242,34.890528230195166,32.95216555073988,34.890528230195166,4077
2011-05-31,34.02903366088867,34.37363278464918,33.1675391378282,34.37363278464918,2638
2011-06-01,34.93360137939453,35.23512642673119,33.68443369492144,35.23512642673119,5534
2011-06-02,34.37363052368164,35.19204763768406,32.995237405645895,35.19204763768406,2371
2011-06-03,34.158260345458984,35.235128536849984,33.98596077756824,35.235128536849984,913
2011-06-06,33.51213073730469,35.19204205101924,32.82293264452531,35.19204205101924,2705
2011-06-07,34.93360137939453,36.52736817901218,33.51213742368988,34.37363192521054,24280
2011-06-08,34.71822738647461,36.01046912507545,33.59828520362201,36.01046912507545,4535
2011-06-09,34.11518478393555,36.010473557785545,33.770588916361696,36.010473557785545,1589
2011-06-10,34.97667694091797,36.82889151282443,32.866017951127034,33.68443513345044,21931
2011-06-13,34.37363052368164,35.32127312217949,34.201330973134596,35.32127312217949,7524
2011-06-14,34.287479400634766,36.01046834826808,33.81365809730373,36.01046834826808,3625
2011-06-15,33.89980697631836,35.235126069198394,33.6844333531236,35.235126069198394,2656
2011-06-16,33.81366729736328,34.804387526344925,33.08139810991877,34.804387526344925,3338
2011-06-17,33.425994873046875,35.019762095652936,33.167547111266366,35.019762095652936,3651
2011-06-20,32.262969970703125,34.37363217184085,32.21989590258618,32.822939428904895,12807
2011-06-21,32.73679733276367,34.244412999404105,32.43527551397213,34.244412999404105,2951
2011-06-22,32.60757064819336,34.244411770634386,32.26297476570241,34.244411770634386,6284
2011-06-23,31.87529182434082,33.08138526196008,31.875291824340824,31.96143994716781,6817
2011-06-24,32.17682647705078,32.65065120211795,31.918378718322405,32.65065120211795,6570
2011-06-27,32.56449508666992,33.16754196141847,31.961448211921372,33.16754196141847,7016
2011-06-28,32.262969970703125,33.16753854652194,32.047596343777656,33.16753854652194,8935
2011-06-29,32.95216369628906,32.99523776280694,31.961443734674845,31.961443734674845,2524
2011-06-30,32.77986526489258,33.59828570208327,32.349118012301766,32.349118012301766,2101
2011-07-01,32.60757064819336,33.16754347596035,32.21990069118369,33.16754347596035,3798
2011-07-04,34.07210922241211,34.287482862612364,32.73679331043872,32.73679331043872,10393
2011-07-05,34.50285339355469,34.71822701434634,33.64135891038807,34.287479772763035,5002
2011-07-06,37.259639739990234,38.767255220799086,33.942886996747134,33.942886996747134,85439
2011-07-07,36.053550720214844,37.56116639669788,35.752028899454785,37.475018244006826,17579
2011-07-08,35.49357223510742,36.44121482192128,35.32127268668475,35.75201991457115,6860
2011-07-11,35.622798919677734,36.570444912223195,35.32127713670565,35.53665077778313,8104
2011-07-12,34.84745788574219,35.53665292149692,34.76130645230962,35.364353340972954,8958
2011-07-13,35.6658821105957,36.01047802087833,35.019761081681594,36.01047802087833,8640
2011-07-14,36.190372467041016,36.62745424401171,35.7095798446378,36.62745424401171,4565
2011-07-15,35.8407096862793,36.71487333716416,35.53475374233747,36.71487333716416,4539
2011-07-18,36.758583068847656,36.9771239947441,35.75329681052595,36.36520873530008,14393
2011-07-19,37.19566345214844,38.28836803849046,36.36520729959455,36.36520729959455,20854
2011-07-20,37.19566345214844,38.069827121222055,37.02083005139976,38.069827121222055,5132
2011-07-21,37.19566345214844,38.200953005451,36.80228913413136,38.200953005451,7294
2011-07-22,36.45262145996094,37.5890334316586,36.23408056791641,37.5890334316586,7077
2011-07-25,36.6274528503418,37.50161637102137,36.36520112640257,37.50161637102137,18678
2011-07-26,35.92811584472656,38.41948363528441,34.529455682590445,37.41419435116423,52250
2011-07-27,36.190372467041016,36.88970264326026,35.53474980158498,36.27778748856743,7866
2011-07-28,36.23408126831055,36.45262216457941,35.403625195555,36.27778878063043,17776
2011-07-29,35.272499084472656,36.49632942913786,35.18508406042632,36.49632942913786,2726
2011-08-01,34.879127502441406,35.40362430644695,34.44204572088033,35.05395754733035,6309
2011-08-02,33.96125411987305,34.966543581715136,33.91754660732979,34.966543581715136,7445
2011-08-03,34.004966735839844,34.66058946209894,32.95596970689136,33.4367590392141,5514
2011-08-04,34.004966735839844,34.922837885668656,33.87384085672017,34.922837885668656,1364
2011-08-05,33.08708572387695,34.00496002729593,31.469884652015942,33.48045994896095,15251
2011-08-08,31.906972885131836,32.387762220576604,31.469891064787564,32.387762220576604,16575
2011-08-09,31.732135772705078,32.25663589647587,31.032805609013277,31.644720752744576,18419
2011-08-10,32.212921142578125,33.04337707009869,31.513591063754596,33.04337707009869,23181
2011-08-11,31.513599395751953,32.256640510375796,31.469891879519903,32.256640510375796,5993
2011-08-12,31.60101318359375,32.3003433459761,31.557302339026087,32.3003433459761,3812
2011-08-16,31.120222091674805,31.775844776201684,30.683140301990218,31.601014728063383,7107
2011-08-17,31.03280258178711,33.130796202874095,31.03280258178711,31.469884308291153,1975
2011-08-18,29.153356552124023,31.906973398461908,28.93481563843593,31.906973398461908,12225
2011-08-19,29.32818031311035,30.55201036149528,28.148061100835932,28.148061100835932,5248
2011-08-22,30.683143615722656,30.94539538559173,29.065942153102174,30.552021065457897,13757
2011-08-23,30.81426429748535,31.469886942112698,30.377182534400454,31.469886942112698,628
2011-08-24,30.11493682861328,31.469889748053923,30.07122931534155,31.469889748053923,3018
2011-08-25,29.7215633392334,31.38247556558781,28.847399711608887,31.38247556558781,779
2011-08-26,28.847400665283203,31.07651732248478,28.847400665283203,31.07651732248478,5596
2011-08-29,29.89639663696289,30.595726869912692,28.497732836393702,28.934814648821025,6657
2011-08-30,29.983806610107422,31.426177681791888,29.59043237831448,31.426177681791888,4266
2011-09-02,30.595718383789062,31.16392591621261,29.371888314570032,31.16392591621261,7334
2011-09-05,30.24605369567871,32.2566322757825,29.721556965450088,32.2566322757825,11243
2011-09-06,29.983806610107422,31.07651095693837,29.634143219922937,31.07651095693837,4065
2011-09-07,30.552013397216797,31.775840232535497,30.24605418738542,31.775840232535497,2321
2011-09-08,30.98909568786621,31.863259158132287,30.814262326879195,31.863259158132287,3482
2011-09-09,30.639434814453125,31.819557725379656,30.59572729953058,31.819557725379656,4415
2011-09-12,30.77056121826172,31.469891472948866,29.808979200230908,31.469891472948866,2989
2011-09-13,30.94539451599121,32.78113684546964,30.81426863474146,32.25663998981,7128
2011-09-14,31.1639347076416,31.46989064392301,30.63943452944112,31.46989064392301,2436
2011-09-15,30.85797882080078,32.25664278138678,30.595730370275273,32.25664278138678,2988
2011-09-16,31.251346588134766,32.08180261894912,30.246057182201184,31.9069692438299,3280
2011-09-19,30.726848602294922,32.256634739414345,30.6394302508009,32.256634739414345,952
2011-09-20,31.295053482055664,32.21292451502236,30.857971720198268,32.21292451502236,2580
2011-09-21,31.251346588134766,32.08180261894912,30.989098192790564,32.08180261894912,7762
2011-09-22,30.333480834960938,32.169223257659475,29.80898061799718,32.169223257659475,7388
2011-09-23,30.24605369567871,30.595720405610383,29.721556965450088,30.595720405610383,12268
2011-09-26,29.80897331237793,30.81426264751189,29.28447655862832,30.59572177767138,3903
2011-09-27,29.590435028076172,30.50830942934313,28.934812361267962,30.50830942934313,8701
2011-09-28,29.459318161010742,30.202355992423623,29.19706971078678,29.8089816497527,6169
2011-09-29,30.24605369567871,30.333472040496073,29.54672361048425,29.94009782549016,14917
2011-09-30,29.546728134155273,30.246058326418773,29.415605598857404,30.246058326418773,5271
2011-10-03,29.153356552124023,30.114938573153466,29.109649036320345,30.114938573153466,3002
2011-10-04,29.590435028076172,32.125510673602314,29.371894139140103,32.125510673602314,2427
2011-10-05,29.153356552124023,30.508312884725978,29.153356552124023,29.590438379500217,3967
2011-10-07,29.153356552124023,31.032809743709524,28.84740060682857,29.721564261580955,5462
2011-10-10,30.333480834960938,30.901685235001032,29.28448373570327,29.72156558250481,7278
2011-10-11,31.33875846862793,32.125506910507944,29.50301655046648,29.721557413803268,3525
2011-10-12,30.595718383789062,32.16921180516448,30.4645925425625,32.16921180516448,3368
2011-10-13,30.24605369567871,31.46988384577068,30.158638685530235,31.46988384577068,1798
2011-10-14,29.80897331237793,31.906966996714438,29.765265805343635,31.863259489680143,1310
2011-10-17,30.11493682861328,31.295056360297497,29.765270053100434,29.765270053100434,449
2011-10-18,29.37190055847168,31.03281301125177,28.93481868507377,29.76527491146381,3543
2011-10-19,30.071231842041016,30.42089531226441,29.371898232254647,29.371898232254647,7925
2011-10-20,29.76526641845703,30.027514800733705,29.284477161838286,29.32818466977288,4034
2011-10-21,29.7215633392334,31.2950572020236,29.10964813296232,31.251349687576294,2731
2011-10-24,30.595718383789062,30.814259229387556,29.41559915142466,29.41559915142466,5829
2011-10-25,30.15864372253418,30.639433027988517,29.415606008165607,29.896395313619944,9707
2011-10-28,30.94539451599121,31.03280954704459,30.77056111921477,30.77056111921477,930
2011-10-31,30.85797882080078,31.86326843826353,30.202356027152025,30.202356027152025,15207
2011-11-01,32.30034637451172,32.912261574471465,31.469890269899892,31.469890269899892,5718
2011-11-02,32.16921615600586,32.562590398220195,31.469886022440992,31.469886022440992,8066
2011-11-03,31.950679779052734,33.04338430866924,31.601016330377202,33.04338430866924,2517
2011-11-04,32.212921142578125,33.04337707009869,31.557298568430657,33.04337707009869,4605
2011-11-08,33.08708572387695,33.56787829601793,31.557299664403956,31.557299664403956,6297
2011-11-09,32.518882751464844,33.961250520541775,31.68842676247983,32.34404938515183,3103
2011-11-11,31.513599395751953,32.16922214324195,31.032810047859904,31.601017762885796,3441
2011-11-14,32.212921142578125,33.21821042347179,31.906965275176848,33.174502918795724,5692
2011-11-15,30.81426429748535,34.0049625018728,30.2460566716073,34.0049625018728,7418
2011-11-16,30.683143615722656,32.69372273314675,29.765272425190226,32.69372273314675,3448
2011-11-17,30.552013397216797,32.12550694815166,29.852683300653407,32.12550694815166,451
2011-11-18,29.32818031311035,30.50830286005338,29.153346972674132,30.50830286005338,5227
2011-11-21,29.28447723388672,32.081801099281364,29.109643867049094,32.081801099281364,7816
2011-11-22,29.28447723388672,31.33876012388874,29.02222885096484,31.33876012388874,2175
2011-11-23,30.595718383789062,32.081796800792546,28.41030992780413,28.847391619001115,15289
2011-11-24,31.251346588134766,32.25663599406835,29.06593773581765,32.25663599406835,10428
2011-11-25,34.31092071533203,36.45262216577072,33.1308012093094,33.34934210558541,203511
2011-11-28,34.39833450317383,34.74800125851085,33.218215039582695,34.529460370092536,26244
2011-11-29,32.562591552734375,34.8791262453872,32.34405066983012,34.52945949887269,7661
2011-11-30,32.16921615600586,33.436753898843556,30.989096764031967,32.344049523064356,11000
2011-12-01,32.82483673095703,34.83541198985944,32.08179913571122,34.83541198985944,1163
2011-12-02,33.21821975708008,33.65530159598903,31.863266723396297,32.34405607926218,2905
2011-12-05,32.60630416870117,33.96125718796654,31.950681417314406,33.96125718796654,1162
2011-12-07,33.08708572387695,33.91754168023895,31.73213302384895,33.91754168023895,1084
2011-12-08,32.25663375854492,33.917542370396255,32.03809288845903,33.917542370396255,4470
2011-12-09,32.955963134765625,33.21821150603739,31.557299596867935,31.557299596867935,7999
2011-12-12,32.12551498413086,33.567886378510764,32.12551498413086,33.567886378510764,3198
2011-12-13,32.30034637451172,33.393050897772135,31.64472366055547,33.393050897772135,1926
2011-12-14,32.475181579589844,34.09238303050218,32.03809974586546,34.09238303050218,1882
2011-12-15,31.863258361816406,32.16921423489559,31.46988414309395,32.16921423489559,2912
2011-12-16,31.207630157470703,33.9175350258629,30.814256009563884,33.9175350258629,2031
2011-12-19,27.929529190063477,31.20764286648713,25.001080638991375,31.20764286648713,30854
2011-12-20,28.454023361206055,30.464598892881146,28.060649090196513,30.464598892881146,407
2011-12-21,28.628854751586914,30.55201512702429,27.97323212368798,30.55201512702429,1672
2011-12-22,27.79840087890625,29.94010229386869,27.23019489146765,29.94010229386869,1560
2011-12-23,30.02752113342285,31.42618502498646,29.197068303518922,29.721565178686646,22382
2011-12-26,30.24605369567871,32.21292143603938,30.24605369567871,32.21292143603938,11
2011-12-27,30.552013397216797,31.12021764175689,30.158639175815846,31.12021764175689,1502
2011-12-28,30.595718383789062,30.595718383789062,29.80897000576702,30.595718383789062,728
2011-12-29,29.153356552124023,30.989102227905846,28.5851521773368,30.989102227905846,5922
2011-12-30,28.410316467285156,30.59572542630709,28.14806805913641,28.934813283582645,6569
2012-01-02,28.01694107055664,30.552016695804156,27.97323356005292,30.552016695804156,8004
2012-01-03,30.552013397216797,31.251343493780187,27.79839718207908,27.79839718207908,12208
2012-01-04,29.546728134155273,30.77055847161844,29.284479728890137,30.77055847161844,144
2012-01-05,29.7215633392334,30.5083119379633,29.459314917879965,30.5083119379633,2023
2012-01-06,29.459318161010742,31.03281219702447,29.28448474930478,31.03281219702447,1264
2012-01-09,29.7215633392334,31.2950572020236,28.934814740503498,31.2950572020236,1416
2012-01-10,31.076513290405273,31.469887551735827,29.940101351304225,31.295054176181218,5782
2012-01-11,31.1639347076416,32.21292839470335,29.983811807692724,32.21292839470335,815
2012-01-12,31.03280258178711,32.16921440376384,31.03280258178711,32.16921440376384,1225
2012-01-13,31.688430786132812,32.693720269077936,31.38247485723796,31.469889884159482,2341
2012-01-16,32.91225814819336,33.655295812789866,31.644720366232367,33.655295812789866,3654
2012-01-17,32.43146514892578,33.873836285936555,32.03809423398573,33.873836285936555,4367
2012-01-18,30.639434814453125,33.21821821091891,29.721563662401135,33.21821821091891,3746
2012-01-19,30.595718383789062,32.16921180516448,29.765262503581052,30.158636692592076,2278
2012-01-20,29.76526641845703,32.25663438675817,29.677851402587844,32.25663438675817,8845
2012-01-23,30.595718383789062,30.814259229387556,29.896388344807615,30.814259229387556,2261
2012-01-24,31.688430786132812,32.16922010354023,30.98910056675206,31.469889884159482,3047
2012-01-25,31.426183700561523,31.819558007693857,30.377186659765197,30.770560966897527,1141
2012-01-27,31.295053482055664,32.08180198726666,31.03280509187507,32.08180198726666,6590
2012-01-30,31.863258361816406,34.09237448835178,31.207635775501952,31.86325836181641,10217
2012-01-31,33.524173736572266,33.655299614392284,31.906972361696578,32.34405417487051,10420
2012-02-01,35.35991668701172,35.709580110388885,34.52946063765328,34.79170903885348,27704
2012-02-02,34.442054748535156,36.62746422916124,34.22351380047255,35.84071548226776,8515
2012-02-03,34.529457092285156,35.010246334231276,33.699001128195135,34.092375356939776,6999
2012-02-06,35.44733428955078,37.151954023442656,34.70429654294976,35.84070858732115,14377
2012-02-07,34.529457092285156,36.49632490133938,34.179790370141255,34.179790370141255,11270
2012-02-08,34.92283248901367,35.62216262202138,34.52945824711274,34.52945824711274,2937
2012-02-09,34.92283248901367,36.27778524696655,34.4420432309877,36.27778524696655,8208
2012-02-10,34.57317352294922,36.408919286045816,34.26721756310138,36.408919286045816,4718
2012-02-13,34.09238052368164,35.75329270357496,32.82484263214932,35.75329270357496,4952
2012-02-14,34.09238052368164,34.87912910040364,33.393050308078486,34.87912910040364,9774
2012-02-15,34.442054748535156,34.87913664466038,34.09238789776689,34.22351380047255,11603
2012-02-16,34.17979049682617,35.40362069419688,33.65529374633531,35.40362069419688,7023
2012-02-17,34.660579681396484,36.27778061595092,34.2234979872284,36.27778061595092,9198
2012-02-21,35.403621673583984,35.84070342264058,33.74270969330129,35.84070342264058,29381
2012-02-22,33.91754913330078,36.27779166777683,33.91754913330078,36.23408415197851,8155
2012-02-23,33.873836517333984,34.87912590268384,33.69900314579455,34.87912590268384,11833
2012-02-24,34.09238052368164,35.66587434245612,33.87383962288881,35.66587434245612,6898
2012-02-27,33.08708572387695,35.185079367878934,32.518881474016936,35.185079367878934,4210
2012-02-28,33.61158752441406,34.74799941703093,32.562590648664205,34.74799941703093,2655
2012-02-29,33.34934616088867,34.704299215629206,33.34934616088867,34.704299215629206,2395
2012-03-01,33.96125411987305,34.616876812030206,32.91226048015715,34.22350586447147,4100
2012-03-02,34.31092071533203,34.70429499556272,33.655298026504035,34.22350569068941,19742
2012-03-05,34.529457092285156,35.403620562975924,33.74270863479587,35.403620562975924,8001
2012-03-06,33.17451477050781,34.96654977978793,32.51889196213679,34.96654977978793,12374
2012-03-07,32.693721771240234,33.917548877719746,32.693721771240234,32.78113680217817,2401
2012-03-09,33.524173736572266,34.66058911856015,32.78113598804443,34.66058911856015,1133
2012-03-12,33.21821975708008,34.748006193261396,32.95597132066867,33.524175710448425,5203
2012-03-13,33.261924743652344,34.09238084133676,33.218217230020436,34.09238084133676,5004
2012-03-14,33.5678825378418,34.004964324351874,33.21821577476598,33.91754596624823,12555
2012-03-15,33.21821975708008,34.44205023989305,33.17451224012314,34.44205023989305,3571
2012-03-16,33.34934616088867,34.31092488756393,32.99967935045957,34.31092488756393,3023
2012-03-19,33.524173736572266,34.96654505391406,33.524173736572266,34.09238142756621,8057
2012-03-20,33.61158752441406,34.22350264649057,33.26192078760773,34.04866927808741,863
2012-03-21,33.91754913330078,34.70429775634937,33.21821887651854,34.70429775634937,3541
2012-03-22,32.955963134765625,34.35462333799435,32.38775555145266,34.35462333799435,6600
2012-03-23,32.6500129699707,34.442051228680356,31.906975156361742,31.906975156361742,3582
2012-03-26,32.16921615600586,33.83012814105789,31.73213440569418,33.83012814105789,520
2012-03-27,32.30034637451172,33.830132707076295,30.770560041947142,33.830132707076295,2440
2012-03-28,32.43146514892578,33.305628665982205,31.95067588147858,33.305628665982205,2318
2012-03-29,32.12551498413086,33.83013481348808,31.906974065871463,33.83013481348808,12363
2012-03-30,32.25663375854492,33.87383486331289,32.0818003955424,33.87383486331289,3912
2012-04-02,33.43675994873047,34.00496766081208,32.56259628994013,34.00496766081208,6895
2012-04-03,33.305633544921875,34.87913077386027,32.78113669172218,34.87913077386027,3620
2012-04-04,33.21821975708008,34.52946527380693,32.60630451567359,34.52946527380693,4443
2012-04-09,33.742713928222656,34.48575499567662,33.3930504858939,34.48575499567662,3005
2012-04-10,33.524173736572266,34.79171166171057,32.95596938024792,34.09238142756621,2217
2012-04-11,33.830142974853516,34.529473415059854,33.043394145452275,34.529473415059854,472
2012-04-12,33.08708572387695,34.66058262421293,33.04337821768295,34.66058262421293,667
2012-04-13,33.130802154541016,34.00496576458516,31.55730498872592,34.00496576458516,5110
2012-04-16,34.70429611206055,34.87912950163993,32.169220299833356,34.09238091586748,22945
2012-04-17,33.261924743652344,35.534752133876516,32.86855045162609,35.534752133876516,14633
2012-04-18,33.3930549621582,34.354633725796674,33.218221550223035,34.354633725796674,1482
2012-04-19,34.39833450317383,34.48575285934274,33.34934090650141,34.09237859325592,10517
2012-04-20,34.660579681396484,35.49103223258089,33.349334598892234,34.87912052848053,11228
2012-04-23,34.79171371459961,35.40362895608315,34.179798473116065,35.2287955535636,4226
2012-04-24,34.61687469482422,35.40362321116219,33.3056293907071,33.3056293907071,1181
2012-04-25,34.004966735839844,35.01025291530202,34.004966735839844,34.092381765473206,2088
2012-04-26,33.78642654418945,34.83542026073276,33.61159314654234,34.83542026073276,709
2012-04-27,33.5678825378418,33.65529756127606,33.34934164458676,33.34934164458676,1260
2012-04-30,35.7969970703125,35.84070457969536,34.966541053361325,34.966541053361325,6929
2012-05-02,35.971839904785156,37.32679306008495,35.79700648659516,35.840714007475135,26521
2012-05-03,36.540042877197266,37.1082506298137,35.228797295470066,36.583750396320845,30303
2012-05-04,34.835418701171875,36.234082485061776,34.35462938016923,35.84070819163431,23785
2012-05-07,34.004966735839844,36.583746791389935,33.65529994796714,36.583746791389935,16159
2012-05-08,33.91754913330078,35.359920497333285,33.567885672244515,35.359920497333285,11586
2012-05-09,34.529457092285156,34.70429045335711,32.38775592215899,32.38775592215899,21355
2012-05-10,33.5678825378418,34.96654292080629,33.39304915630389,34.96654292080629,7449
2012-05-11,32.82483673095703,35.2724937128673,32.562588364086096,35.2724937128673,10530
2012-05-14,33.21821975708008,33.436760676534554,32.475181964802786,32.9996788376256,21423
2012-05-15,33.305633544921875,33.65530033683478,32.78113669172218,32.78113669172218,1980
2012-05-16,33.305633544921875,33.305633544921875,32.999677603000336,33.21821851427848,3072
2012-05-17,32.955963134765625,33.61158573027952,32.781129775694794,33.21821150603739,1833
2012-05-18,32.08180618286133,33.78642594396578,31.4261834543342,33.218218245374416,14904
2012-05-21,32.16921615600586,33.436753898843556,32.12550864790851,33.436753898843556,4271
2012-05-22,32.08180618286133,33.13080321543866,31.906972788320164,33.13080321543866,1101
2012-05-23,31.77584457397461,32.78113401771909,30.814265976655943,31.906970443913245,6247
2012-05-24,32.08180618286133,32.34405460733825,31.688431878811123,31.732139393779004,3891
2012-05-25,32.955963134765625,33.04337814696656,31.732132955938766,31.732132955938766,1376
2012-05-28,32.25663375854492,32.78113051288344,31.90696703253988,32.56258964279755,790
2012-05-29,32.34405517578125,33.13080379770867,31.557306553853824,33.13080379770867,4307
2012-05-30,32.038089752197266,34.004957390430334,31.95067141191901,34.004957390430334,1203
2012-05-31,32.6500129699707,33.52417667288473,32.344057007818755,32.69372382285231,1416
2012-06-01,31.906972885131836,33.174510831064154,31.644724459859205,31.906972885131836,3812
2012-06-04,32.38776397705078,32.9559717081816,30.5957290833864,31.469892771483153,13396
2012-06-05,32.08180618286133,32.34405460733825,31.906972788320164,31.906972788320164,4352
2012-06-06,32.43146514892578,33.043380277799116,31.6447199843765,31.6447199843765,3975
2012-06-07,32.08180618286133,33.48046666985134,31.906972788320164,32.34405460733825,16295
2012-06-08,32.08180618286133,32.47518048691153,31.994387818255927,32.47518048691153,1384
2012-06-11,31.688430786132812,32.650009420947654,31.64472327267205,32.3440534920528,4026
2012-06-12,31.906972885131836,31.906972885131836,31.557306094988558,31.688431974959702,154
2012-06-13,31.906972885131836,32.51888810054775,31.688431974959702,32.47518058544725,916
2012-06-14,31.644723892211914,31.906972312780297,31.46989050027646,31.906972312780297,486
2012-06-15,31.644723892211914,32.081805704715755,31.46989050027646,31.68843140652838,1936
2012-06-18,31.295053482055664,31.819553597086063,30.81426421094637,31.644720225409262,3443
2012-06-19,31.644723892211914,31.86326479846383,31.46989050027646,31.46989050027646,7802
2012-06-20,32.16921615600586,32.344049523064356,31.469886022440992,31.557301038635682,10670
2012-06-21,31.644723892211914,32.60630254585252,31.46989050027646,32.60630254585252,20936
2012-06-22,31.906972885131836,32.34405470547611,31.469891064787564,32.34405470547611,17269
2012-06-25,31.906972885131836,32.34405470547611,31.601016944758705,32.34405470547611,11551
2012-06-26,31.688430786132812,32.693720269077936,31.557304911081005,32.693720269077936,13998
2012-06-27,32.25663375854492,32.60629714988092,31.90696703253988,32.34404877271166,3362
2012-06-28,32.34405517578125,32.781137002480996,32.08180674669534,32.781137002480996,3615
2012-06-29,33.08708572387695,33.34933743037893,32.34404811457194,32.431463126959954,9430
2012-07-02,34.09238052368164,34.7917107392848,33.65529872209598,34.04867301045697,4488
2012-07-03,35.578460693359375,35.753294087695885,33.78642590441684,34.04867432858678,8907
2012-07-04,35.44733428955078,36.54003881965204,34.966544963240146,36.54003881965204,7637
2012-07-05,36.321502685546875,36.452628580254164,35.44733894661834,35.622172361338045,11080
2012-07-06,37.4141960144043,37.76386273781712,36.05924329685039,36.05924329685039,19789
2012-07-09,36.27779006958008,38.463199109916225,35.92812328925847,38.463199109916225,15527
2012-07-10,36.758583068847656,37.80758018008456,36.14666780940364,37.23937243888585,8399
2012-07-11,36.321502685546875,37.589040773927266,36.05925423080232,37.54533325391484,5142
2012-07-12,35.88440704345703,36.88969629125752,35.40361783850978,36.71486294363977,3602
2012-07-13,36.27779006958008,36.714871877647305,35.665874871352045,36.671164363774494,3644
2012-07-16,36.6274528503418,36.97711625781211,36.452619479272045,36.802282886742354,1748
2012-07-17,36.10295867919922,36.9771223437545,34.9665465822113,36.71487391132187,6036
2012-07-18,37.326778411865234,37.58902676890055,35.88440744616781,36.7148633556703,14509
2012-07-19,37.90584182739258,38.3067268578988,37.148617190699845,38.03947130367423,14980
2012-07-20,37.41587448120117,38.08401509693691,37.01498943209195,37.46041650924911,2668
2012-07-23,37.01498794555664,38.08401356746914,36.346847356653676,37.23770147519097,3260
2012-07-24,36.97044372558594,37.23769926562126,36.525016692747556,37.23769926562126,1113
2012-07-25,37.37132263183594,37.41586464817807,36.52501072798336,37.237693184471524,7433
2012-07-26,36.569557189941406,37.41586919667678,35.50053167608296,36.21321761754754,8346
2012-07-27,35.72325134277344,37.14862007313282,35.36691170893785,35.36691170893785,2991
2012-07-30,36.88135528564453,37.148610793848704,34.87693387660598,35.36690287470333,5547
2012-07-31,37.3267822265625,37.905835260678884,36.79226781237258,37.41586626309174,19489
2012-08-01,37.01498794555664,37.86130003783482,36.52501886002889,37.72767056071872,13368
2012-08-02,36.70319366455078,37.81676141287854,36.61410620568112,37.415876343812734,12998
2012-08-03,36.97044372558594,36.97044372558594,36.525016692747556,36.70318818555062,10179
2012-08-06,37.01498794555664,37.68312853445961,36.97044591929753,37.23770147519097,7051
2012-08-07,36.079586029052734,37.415866993091726,33.85245108898775,33.85245108898775,7285
2012-08-08,36.079586029052734,37.415866993091726,36.079586029052734,37.415866993091726,4890
2012-08-09,36.391387939453125,37.41587149447051,36.07959036966799,36.97044445286967,2272
2012-08-10,35.72325134277344,36.52502146599678,35.72325134277344,36.213223861598266,1876
2012-08-13,36.52501678466797,37.4158708525867,36.34684529141651,37.37132882885847,2572
2012-08-14,35.94596481323242,36.92590645049666,35.36691163508169,35.36691163508169,4741
2012-08-16,36.792274475097656,37.415873038744486,36.52501891877438,37.104075456090456,5062
2012-08-17,37.237693786621094,37.638578736858804,37.01498030297104,37.41586525320875,23421
2012-08-21,39.50938034057617,39.821181333242855,37.01498939093724,37.01498939093724,35850
2012-08-22,42.00376510620117,43.117332543816914,39.687542796957544,39.910256284480695,68086
2012-08-23,40.890201568603516,43.56276367378444,40.44477455107336,42.716451660809454,18932
2012-08-24,40.667476654052734,41.87012790474772,40.08842033433292,40.222049761449036,11053
2012-08-27,41.647422790527344,42.49373473545703,41.20199580881047,41.781052244377676,16631
2012-08-28,40.489315032958984,41.87013805510874,40.088430052763684,41.46925307491344,20704
2012-08-29,40.40023422241211,41.380175823486496,39.19758248284227,41.380175823486496,10522
2012-08-30,40.08842849731445,41.20199595557319,39.99934445998903,40.13297051597716,6410
2012-08-31,40.043888092041016,40.71202859391599,39.91025863233069,40.44477307283366,3109
2012-09-03,39.59846115112305,40.177514214627266,39.37574765015873,39.643003171648246,6688
2012-09-04,39.37574768066406,39.77663266237808,39.1084921589675,39.643003202360624,11575
2012-09-05,39.643009185791016,39.99935220072917,39.19758211628775,39.42029565103938,5056
2012-09-06,41.69197463989258,42.048317668626126,39.46483920615538,39.46483920615538,19417
2012-09-07,42.58281707763672,43.65184247087682,41.60287911619715,41.91467663165391,27952
2012-09-10,44.899044036865234,47.12617909031414,44.542701068978054,45.92352412244869,19586
2012-09-11,46.59166717529297,47.660692738822114,43.072792919581374,44.58724551805279,42234
2012-09-12,45.83443832397461,47.927943834690254,44.720870839904954,47.927943834690254,14911
2012-09-13,46.23532485961914,48.10611693671145,45.032669897198325,45.032669897198325,51750
2012-09-14,47.08163070678711,47.393431633645136,45.52263626751153,47.21526016091743,47288
2012-09-17,45.87898254394531,47.66069060390436,45.65626903645043,47.66069060390436,15791
2012-09-18,45.70082092285156,46.1017060025415,45.03268025614806,45.47810736728373,12056
2012-09-20,45.78990173339844,46.32441282979133,45.16630318871428,45.83444375837473,7434
2012-09-21,46.279869079589844,47.037093670975,45.878984073070065,46.23532705627399,44522
2012-09-24,46.279869079589844,46.85892217937304,45.478099066550286,45.478099066550286,26539
2012-09-25,46.279869079589844,47.12618111594525,45.78990002643836,46.05715556467203,7920
2012-09-26,48.50700378417969,48.77425931996384,45.47809864972324,45.47809864972324,43398
2012-09-27,51.402278900146484,52.783101985500316,48.95243028478571,48.95243028478571,63282
2012-09-28,52.60492706298828,53.451239027254125,50.86776111493487,53.451239027254125,59918
2012-10-01,53.71849822998047,54.297554718524346,51.93679014010823,53.451242696167334,89118
2012-10-03,53.6739501953125,55.18840258173583,53.406694691435,53.495778726614795,41243
2012-10-04,52.560394287109375,55.23295670848782,51.13502902170975,55.23295670848782,37392
2012-10-05,50.60050964355469,54.29755533108329,43.34005113441938,54.29755533108329,37309
2012-10-08,51.04594039916992,53.09490419561607,50.33325778279806,53.09490419561607,32392
2012-10-09,52.15950012207031,52.47130105570364,51.31318815697737,52.382213618234864,21653
2012-10-10,51.669532775878906,52.60492881025731,51.001392265845986,52.24858924390944,10259
2012-10-11,50.82322311401367,51.66953514519754,50.15508257334301,50.77868109097,10700
2012-10-12,50.68959426879883,51.75861635665463,49.93236632517291,49.93236632517291,9393
2012-10-15,53.13944625854492,55.232951948884974,51.44682217819528,55.232951948884974,19612
2012-10-16,53.050357818603516,54.69843984453863,52.60493079510837,53.45124281941684,20459
2012-10-17,52.515846252441406,54.34209635180995,51.71407625840719,52.56038827470143,10893
2012-10-18,53.09490203857422,53.40670300692754,51.09048034989474,52.515848923069996,7365
2012-10-19,52.426753997802734,53.4512374074474,52.11495647226122,52.87218097619813,18637
2012-10-22,52.872188568115234,53.45124508251123,51.89225043427132,53.362161033375834,13203
2012-10-23,56.836490631103516,57.37100512757479,53.05036072403803,53.27307424798306,86024
2012-10-25,58.306400299072266,59.553597444883586,55.90109685811144,56.836493018300516,103403
2012-10-29,53.94121170043945,57.816428831985334,53.540326700853534,57.638253945126614,32190
2012-10-30,48.06157684326172,53.00581615818061,47.66069183970862,53.00581615818061,70394
2012-10-31,48.28428649902344,48.996969004881336,47.34889049768881,47.34889049768881,14171
2012-11-01,50.64505386352539,51.31319443374783,47.88340753260812,48.106121056015596,26507
2012-11-02,50.77867126464844,52.64946305716876,50.15507286769571,50.77867126464844,56651
2012-11-05,49.887821197509766,51.17956010461292,49.442394222532,50.1550767028288,11265
2012-11-06,49.97691345214844,50.6895994479885,49.48694437876241,50.6895994479885,10235
2012-11-07,49.798744201660156,51.04593786890484,49.53148526022188,49.70965675506786,11153
2012-11-08,49.35331726074219,49.887828347992375,48.996974270349654,49.70965685279611,11401
2012-11-09,48.50700378417969,50.689596890037556,47.92794729136526,50.689596890037556,8194
2012-11-12,48.10612106323242,49.13060463039599,47.972491589832416,48.462464060073316,9658
2012-11-15,47.25980758666992,47.66069259658932,45.65627094533089,47.66069259658932,16633
2012-11-16,47.57160949707031,48.10612058872064,46.50258391543101,47.66069354623249,11546
2012-11-19,46.72528839111328,48.6851676783153,46.32440345081364,47.215257363329286,3122
2012-11-20,46.41349411010742,47.88340463498179,45.878983045610454,46.36895208778909,8917
2012-11-21,44.80996322631836,46.23533191044253,44.05273855543348,46.0126183721424,9460
2012-11-22,45.968074798583984,47.39344354015856,43.87456881351822,46.01262022671057,16016
2012-11-23,45.61172866821289,47.17072327719637,44.809958652828826,46.01261367590492,21635
2012-11-26,45.3444709777832,46.324409040457525,44.720872484109364,46.324409040457525,7839
2012-11-27,45.03267288208008,46.32441197251999,44.809959362981424,45.47809992027739,12104
2012-11-29,45.56718444824219,46.32440900534028,44.988127976340074,44.988127976340074,14833
2012-11-30,47.393428802490234,48.685167654678374,45.433549516239744,45.433549516239744,30307
2012-12-03,50.77867126464844,53.18397742527304,48.8187920449418,48.8187920449418,74124
2012-12-04,50.244171142578125,52.070421314960896,49.8878281535743,50.333255190659784,27080
2012-12-05,50.51142501831055,51.66953459684807,50.06599799592392,51.49136310822572,21991
2012-12-06,50.867759704589844,51.58044559053077,49.97690574550184,50.778675668016305,17027
2012-12-07,49.887821197509766,51.31318615810337,49.442394222532,50.7786751474653,13239
2012-12-10,49.397865295410156,51.62500076050224,49.08606429129385,51.22411569711786,8642
2012-12-11,48.640628814697266,50.68959580809833,48.10611775453778,49.79874177560689,14220
2012-12-12,48.86334228515625,50.15508131094086,48.150659739380124,48.99697174926234,8913
2012-12-13,47.97248077392578,48.99696411010867,47.52705382747025,48.99696411010867,15759
2012-12-14,47.79432678222656,48.95243650423181,47.39344173274888,47.43798376083775,18227
2012-12-17,49.219688415527344,49.843286957473246,46.324412626378674,47.66069375983191,9195
2012-12-18,49.887821197509766,52.1149560723986,49.04150926538439,50.8677591831256,40972
2012-12-19,49.397865295410156,50.734146574465406,48.55155313900736,50.19963202383989,9249
2012-12-20,48.72972106933594,50.64505538934157,47.97249302793381,49.26423218228198,13761
2012-12-21,47.527061462402344,48.907887936906164,47.39343539600222,48.55154496316225,11429
2012-12-24,48.37337112426758,49.44239659518242,47.749772649705726,47.749772649705726,11008
2012-12-26,48.32883834838867,49.442406052268595,47.527068242259546,49.442406052268595,22281
2012-12-27,48.28428649902344,49.75419353016693,47.97248556635306,49.13059846150267,7372
2012-12-28,48.10612106323242,49.219688680436875,47.74977806639153,49.175146655416434,19135
2012-12-31,48.150657653808594,48.55154263042471,47.749772677192475,48.106115633815314,12416
2013-01-01,48.68517303466797,49.17514206079047,48.239746029404174,49.17514206079047,17211
2013-01-02,48.95242691040039,50.28870788121202,48.907884891040986,49.44239592003034,16765
2013-01-03,49.62057113647461,50.33325369496572,48.28429006492685,48.28429006492685,10232
2013-01-04,49.4869384765625,50.11053694937797,48.952427441771114,49.887823451825184,15005
2013-01-07,49.26422119140625,49.976903649114035,49.21967917498789,49.976903649114035,8547
2013-01-08,49.308773040771484,49.442402515012404,49.219688990170006,49.26423101547074,2954
2013-01-09,49.26422119140625,49.7987355834406,48.77425221412827,49.21967917498789,9912
2013-01-10,48.551536560058594,49.8878173828125,48.284281075175386,49.53147447074298,10662
2013-01-11,47.74977493286133,49.75419651229123,46.85892089755915,49.75419651229123,22092
2013-01-14,47.57160949707031,48.10612058872064,46.948010957919166,47.437980024988406,4419
2013-01-15,47.927947998046875,48.55154652296366,47.660692458322124,47.660692458322124,4688
2013-01-16,47.482521057128906,47.79432201935679,46.8143805073616,47.6606925500679,5081
2013-01-17,47.348899841308594,48.10612451602151,46.8589273359002,48.06158248780409,4886
2013-01-18,46.9925537109375,47.83886578445151,46.76984018624111,47.3488967097872,8219
2013-01-21,46.948001861572266,47.92793980584419,46.05714794920216,46.814372415381555,13241
2013-01-22,46.324405670166016,47.927942109850285,45.92352071066041,47.616144584867115,10661
2013-01-23,46.41349411010742,50.55596675414356,46.41349411010742,47.126180060554674,8121
2013-01-24,45.78990173339844,47.08163744940437,45.656272260130876,47.08163744940437,13476
2013-01-25,46.547122955322266,47.17072145448709,45.74535297091914,46.324409448359,10942
2013-01-28,46.68075180053711,47.12617880856384,45.433554818726904,45.433554818726904,7231
2013-01-29,45.968074798583984,46.54713138083913,45.78990667943382,46.324417833562386,9044
2013-01-30,45.38902282714844,47.571616328432114,45.16630927392233,46.27987704005287,24335
2013-01-31,42.53827667236328,44.319984595813054,40.712026730494905,43.20641714365695,34753
2013-02-01,40.84566116333008,43.11734195032827,40.17752055499858,42.22648780588627,29538
2013-02-04,40.97928237915039,41.87013634391453,40.80111090652993,40.80111090652993,11211
2013-02-05,40.93474197387695,41.69196651443451,40.533856994266,40.979283994202994,8202
2013-02-06,41.112911224365234,41.64742223597295,40.66748424857943,41.64742223597295,6220
2013-02-07,40.97928237915039,42.627360854628776,40.26659988700671,40.57839741533889,11977
2013-02-08,41.33562088012695,42.226474749109535,40.5338510387075,40.845648533516275,11772
2013-02-11,40.84566116333008,41.42471771655293,40.22206598089178,41.11292012533377,5300
2013-02-12,40.3111457824707,41.15745781005768,40.13297429271473,40.5784013179354,3228
2013-02-13,40.53385925292969,41.1129157444498,39.999348182556126,39.999348182556126,3040
2013-02-14,40.84566116333008,40.979290644331925,40.31115003600043,40.533863572110924,10483
2013-02-15,40.622947692871094,40.7565771740889,39.86572302820718,40.17752061993023,3369
2013-02-18,39.06394958496094,41.87014126298585,37.148615374699844,40.979287193560616,11155
2013-02-19,39.4648323059082,40.08843079798904,38.30672276252286,39.643003789122496,8313
2013-02-20,40.13298034667969,40.97929250193085,39.64301122469397,40.08843831710627,7052
2013-02-21,39.59846115112305,40.66748663541943,39.19757616971961,39.28666021077,5151
2013-02-22,39.50938034057617,40.35569246590159,38.66307161358966,39.19758274624839,3221
2013-02-25,38.75214767456055,40.979282598385865,38.75214767456055,39.643001644090674,2574
2013-02-26,38.35126495361328,39.865717470135266,37.50495295335055,39.197576953876016,8429
2013-02-27,35.99050521850586,38.79669345565093,34.83239222713896,38.12855291371089,17524
2013-02-28,36.168678283691406,37.37133346353438,35.72325119449157,36.168678283691406,5460
2013-03-01,36.48047637939453,37.4158725125403,36.3023048782385,36.346846903942826,7108
2013-03-04,34.74330139160156,37.32677900826093,34.5651299355668,37.32677900826093,10470
2013-03-05,33.85245132446289,35.18873229779695,33.31794029446456,34.03062280057508,12189
2013-03-06,35.50053024291992,36.65864315187742,34.29787871234195,34.92147718677946,25539
2013-03-07,35.634159088134766,35.634159088134766,35.634159088134766,35.634159088134766,33030
2013-03-08,35.634159088134766,36.88135601555477,35.05510264361728,36.88135601555477,4273
2013-03-11,34.83238983154297,35.63415978606474,33.317940759305856,35.63415978606474,12562
2013-03-12,34.7878532409668,35.63416534764104,34.60968173456083,35.63416534764104,4999
2013-03-13,34.87693786621094,35.4559909671687,34.164251898357456,35.36690692035629,4640
2013-03-14,34.52059555053711,34.74330907021799,33.94153904003136,34.74330907021799,2092
2013-03-15,34.34242248535156,35.18873450112219,33.40702642511601,34.030624931385866,1343
2013-03-18,34.07516860961914,34.74330917059206,33.45157007304335,34.030626585222,3108
2013-03-19,33.050689697265625,34.832398110020414,32.471636502123786,34.832398110020414,576
2013-03-20,31.4471492767334,33.00614396295725,31.046264249179522,33.00614396295725,6303
2013-03-21,31.625316619873047,33.40702459845745,30.9571761279039,32.872513564217435,3864
2013-03-22,31.937114715576172,34.69876416970402,31.268974211916934,32.070744175643355,6228
2013-03-25,32.15982437133789,32.69433874935461,31.090802411980324,32.0707403408374,5914
2013-03-26,31.58077049255371,33.00613533069722,31.358057024197674,31.669854520560992,3331
2013-03-28,31.179889678955078,32.427086625448595,30.37811972787521,31.224431698828788,12482
2013-04-01,33.98609161376953,34.43151874685516,31.35807084889643,32.11529561580627,2852
2013-04-02,35.58962631225586,36.435938490070335,33.407032821578255,33.852459925865965,1889
2013-04-03,36.30229949951172,37.193153474959864,35.81233049268289,36.34684151861648,7136
2013-04-04,35.6787109375,36.43593906575675,34.25334554059425,34.743314683384405,4058
2013-04-05,34.56513977050781,35.63416541255214,34.29788420958144,34.74331127723834,688
2013-04-08,35.455997467041016,36.302309660260946,33.852460542083826,33.852460542083826,2680
2013-04-09,33.050689697265625,35.36691267285031,32.07075142958614,34.20880288422752,20205
2013-04-10,33.674285888671875,33.76337334187715,32.51617618371421,33.76337334187715,1363
2013-04-11,34.07516860961914,34.208798081149176,33.05068505679187,33.05068505679187,2716
2013-04-12,34.56513977050781,34.6542272230425,33.40703007426764,34.075170675752986,6436
2013-04-15,34.34242248535156,35.63416152012374,33.85245344411755,35.455990032855425,1532
2013-04-16,35.18873596191406,35.32236543249728,34.87693839500469,35.18873596191406,1757
2013-04-17,34.65422821044922,35.322368830971975,34.38696924356897,34.78785429555041,1083
2013-04-18,34.74330139160156,35.18872833251953,34.34241646510782,35.18872833251953,1501
2013-04-22,35.01056671142578,35.18873821751132,34.342426112359114,34.74331115146688,7413
2013-04-23,35.36690139770508,36.52501081711679,35.1441879171129,35.1441879171129,5551
2013-04-25,33.80791473388672,35.634165011034476,33.58520120256775,35.634165011034476,12965
2013-04-26,33.00613784790039,35.01055921597132,32.73888234515855,33.85244977186462,5035
2013-04-29,33.94153594970703,34.565134427703555,32.96159791166843,32.96159791166843,5709
2013-04-30,33.76336669921875,34.60967524896216,33.5851952262008,33.85245073655863,8006
2013-05-02,34.52059555053711,35.36690760499219,32.87251686423401,33.40702795213269,4763
2013-05-03,34.29787826538086,35.0105607704484,33.807909255543066,34.11970678952942,9781
2013-05-06,33.40702819824219,35.18873636881511,33.18431467692057,35.18873636881511,5947
2013-05-07,33.94153594970703,34.92147738608394,33.540654369451985,34.65422186646781,4183
2013-05-08,33.31793975830078,34.69876272885765,32.7388833198391,33.54065325027248,10517
2013-05-09,33.273399353027344,34.16425345509864,32.73888825112005,34.16425345509864,3932
2013-05-10,34.164249420166016,34.52059237824451,33.4070248821721,33.98608133946507,5280
2013-05-13,33.49611282348633,34.74330992367156,32.91705969709503,33.852455823064595,3770
2013-05-14,33.18431091308594,34.43150785036273,32.96159741702496,33.58519588566335,13990
2013-05-15,33.540653228759766,33.71882130355229,33.00613880936761,33.5851952474579,4912
2013-05-16,33.050689697265625,34.74331404871831,32.64980802306708,33.36249070850118,17741
2013-05-17,32.96160125732422,34.208798339909784,32.649803685847154,33.273398828801284,9411
2013-05-20,33.273399353027344,33.718826404062995,32.96160177663788,33.40702882767352,6180
2013-05-21,32.96160125732422,33.76337129589189,32.96160125732422,32.96160125732422,6431
2013-05-22,32.69434356689453,33.540655574705696,32.60525612492901,33.31794206729952,8337
2013-05-23,32.07075119018555,33.13977690952622,31.669866120640414,32.78343387029963,8091
2013-05-24,31.981664657592773,32.516175776779654,30.779009541914075,31.62532164590898,6202
2013-05-27,32.605255126953125,32.69434256619188,31.313519542205253,32.42708704515226,6437
2013-05-28,32.3380012512207,32.96159976426642,32.15982976201643,32.96159976426642,6586
2013-05-29,31.848033905029297,32.694345975180326,30.95717980978372,31.44714888250105,14589
2013-05-30,31.937114715576172,32.24891565628682,31.937114715576172,32.20437363571053,3436
2013-05-31,30.912633895874023,32.382540929111435,30.73446241957118,31.758945859558853,13431
2013-06-03,30.823543548583984,31.625313417084683,30.155403124279378,30.28903256847547,5980
2013-06-04,30.823543548583984,32.9615942656939,30.422662012671566,32.9615942656939,16711
2013-06-05,31.090805053710938,32.070743065831614,30.467206592207678,31.179889091780737,7216
2013-06-06,30.467212677001953,35.67870810668408,30.110869656878858,35.67870810668408,12453
2013-06-07,30.645376205444336,31.268971230735445,30.289033278131114,31.17988719807615,16327
2013-06-10,30.779008865356445,31.803492452673932,30.60083736343096,31.1798938951041,17980
2013-06-11,30.33358383178711,31.046266488658638,30.110870289118573,30.289041802921197,6342
2013-06-12,29.799072265625,30.734468451884123,29.665442782585586,30.28904137287131,8643
2013-06-13,29.7545223236084,30.289033316924804,29.08638188279388,29.39817939583878,6648
2013-06-14,29.97723960876465,30.467208647884064,29.398183127226325,29.398183127226325,8882
2013-06-17,30.066322326660156,30.244493805300618,29.531811289077073,30.244493805300618,6682
2013-06-18,30.422666549682617,31.179891117486193,30.289037085558014,30.689922079593384,1714
2013-06-19,30.511751174926758,31.09080766604909,30.11086617325272,30.556293197704207,8638
2013-06-20,30.33358383178711,30.60083940332156,29.62090117491558,30.110870289118573,9377
2013-06-21,31.046260833740234,31.17989029433702,30.333578306680202,30.422665746524174,4946
2013-06-24,29.041839599609375,31.09080655771483,27.26013326448748,30.28903658294849,12460
2013-06-25,29.44272232055664,29.79906525931972,28.50732635422622,28.50732635422622,4779
2013-06-26,28.908214569091797,29.88815266363518,28.596413612945444,29.309099570800818,8537
2013-06-27,28.863670349121094,29.843608369068647,28.507327397319305,29.799066349677986,5226
2013-06-28,29.620893478393555,31.179887871993216,28.596410088978544,28.596410088978544,8902
2013-07-01,30.289039611816406,31.75895024643122,29.84361255870146,30.066326085258932,15611
2013-07-02,29.620893478393555,31.179887871993216,29.442722010885976,29.843606963193505,9599
2013-07-03,28.908214569091797,30.06632415309902,28.77458510240929,29.754526595291175,6723
2013-07-04,29.487266540527344,30.19995247127932,28.685499965938938,28.685499965938938,5841
2013-07-05,28.952760696411133,30.244499930226507,28.86367663821931,29.620901327866775,5993
2013-07-08,28.061901092529297,29.799067077924967,27.883729612274145,29.799067077924967,15559
2013-07-09,28.150991439819336,28.9973018616147,27.92827790263591,28.329161250064413,5913
2013-07-10,28.507333755493164,29.353645906027168,28.37370596834819,29.353645906027168,10360
2013-07-11,28.418245315551758,29.39818516074375,28.418245315551758,28.418245315551758,5572
2013-07-12,28.507333755493164,28.997302874747902,27.92827887841861,28.32916223985353,20967
2013-07-15,28.68549919128418,28.90821268904518,28.06190071788573,28.507327713407726,4501
2013-07-16,29.353641510009766,29.398183532664284,28.373701719087105,28.685500975176485,5141
2013-07-17,29.66543960571289,30.734465160529453,29.22001257440087,29.531813535322417,14540
2013-07-18,29.44272232055664,29.843607277080572,29.130924797892543,29.843607277080572,5372
2013-07-19,29.264556884765625,30.15541101700615,28.997301324761235,30.15541101700615,8579
2013-07-22,29.576353073120117,30.289035583656137,28.685499085365525,28.952754602024246,6696
2013-07-23,29.041839599609375,30.19995254056929,28.997297578419772,28.997297578419772,8475
2013-07-24,27.705562591552734,29.264555552849895,27.260135545705165,29.04184202992611,12477
2013-07-25,27.883731842041016,28.507330373631934,27.616476299455936,28.418244626380474,9281
2013-07-26,27.661020278930664,29.309102471666886,26.012941484533282,29.309102471666886,6513
2013-07-29,26.72562026977539,27.616474278767903,26.681078248993433,27.616474278767903,4986
2013-07-30,26.280197143554688,27.17105128401417,25.923855827204783,27.17105128401417,10196
2013-07-31,26.681081771850586,27.438306420139618,25.077543324438125,25.92385542439215,16844
2013-08-01,26.280197143554688,27.527392600364077,26.012941581084615,27.527392600364077,17463
2013-08-02,26.45836639404297,29.39818412708362,26.012939361814432,29.39818412708362,7666
2013-08-05,26.72562026977539,26.903791751241563,26.458364746745307,26.72562026977539,5164
2013-08-06,26.681081771850586,26.77016582517678,26.458368240196304,26.72562379851368,12342
2013-08-07,26.72562026977539,27.571932257985946,26.458364746745307,26.547448788309218,3262
2013-08-08,26.72562026977539,28.06190128326416,26.591992508260347,28.06190128326416,12016
2013-08-12,26.859249114990234,27.527389648692328,26.725621348083667,26.770163370662775,4672
2013-08-13,26.992874145507812,27.43830112282094,26.725618638787566,26.77016065685125,5435
2013-08-14,27.616474151611328,27.616474151611328,27.081961408843082,27.438302670965523,6482
2013-08-16,27.171045303344727,27.5273865412597,26.81470406542975,27.171045303344727,5966
2013-08-19,26.591995239257812,27.260135814620224,26.012940413777592,26.725623014496424,15466
2013-08-20,26.280197143554688,26.725624213784428,25.879312100680153,25.968397854559985,5392
2013-08-21,26.72562026977539,28.06190128326416,26.191107524546048,28.06190128326416,12949
2013-08-22,26.992874145507812,27.43830112282094,24.988452747598743,26.28019166147444,6861
2013-08-23,26.324735641479492,27.616474651626472,25.923852351521916,26.725620630606265,8954
2013-08-26,27.08196258544922,27.61647535143997,26.146566519342336,27.393761840541263,4977
2013-08-27,27.215585708618164,31.536229121865944,26.54744528992048,26.770158762819708,63527
2013-08-28,26.814708709716797,29.353643230752205,26.369281660383194,28.774586707283042,21533
2013-08-29,28.774581909179688,30.066320816520026,26.681076485735026,28.462784385973247,24757
2013-08-30,28.418245315551758,29.39818516074375,27.83919049312855,28.06190401707358,7128
2013-09-02,31.58077049255371,34.07516065847377,27.705555803324874,34.07516065847377,15447
2013-09-03,34.87693786621094,35.4559909671687,31.13535012833436,32.07074621321887,70572
2013-09-04,32.87250900268555,36.52500849261158,31.669854245023703,36.52500849261158,186650
2013-09-05,32.24891662597656,33.40702618747466,32.07074513997568,33.13977065764255,6586
2013-09-06,30.912633895874023,32.51617038592313,30.556290943268333,32.51617038592313,14002
2013-09-10,32.293460845947266,32.471632344075395,29.932696142011515,30.46721063639591,10315
2013-09-11,31.402603149414062,33.22885314935772,30.734462656873337,32.42708659731182,7156
2013-09-12,31.803485870361328,32.560710348899775,31.22442945853449,31.22442945853449,1690
2013-09-13,31.714393615722656,32.070736491631344,31.625309595914246,32.070736491631344,1605
2013-09-16,32.24891662597656,34.34242224105626,31.714402167973905,31.714402167973905,15099
2013-09-17,31.402603149414062,32.11528566178985,30.19995162217607,32.11528566178985,8904
2013-09-18,31.714393615722656,32.87250626325714,31.4471381579599,31.714393615722656,2539
2013-09-19,31.090805053710938,32.69434152733487,29.799066111669518,31.625316078806176,19698
2013-09-20,31.090805053710938,31.179889091780737,30.7344621047553,30.7344621047553,5217
2013-09-23,31.87733268737793,32.20119386452006,30.998276382506607,32.06239772995433,4775
2013-09-24,30.998271942138672,32.386254267906075,30.53561116688287,31.460932717394474,5562
2013-09-25,30.304275512695312,31.877322581150562,29.702815197461522,31.27586226591677,11089
2013-09-26,31.3684024810791,31.3684024810791,30.90574169834827,30.998272442965778,6597
2013-09-27,30.25801658630371,31.322134292948604,29.79535579302635,30.99827314958314,8865
2013-09-30,30.02668571472168,30.304281480332914,29.332694535782757,30.304281480332914,1103
2013-10-01,30.304275512695312,30.53560586012047,29.471486614946855,29.61028447041985,2662
2013-10-03,30.072954177856445,30.905745090095127,28.684971677339995,30.62814576613421,10304
2013-10-04,30.304275512695312,30.628136587162142,29.61028447041985,30.119210528790994,11333
2013-10-07,30.25801658630371,31.41466856949711,30.165482309755202,31.41466856949711,13036
2013-10-08,30.25801658630371,30.905742402856358,30.072951563028422,30.072951563028422,8682
2013-10-09,30.628141403198242,30.952006058411232,29.2864262361044,29.610289126406627,9073
2013-10-10,31.646005630493164,32.848923240373324,30.072957896116424,30.072957896116424,18087
2013-10-11,31.414670944213867,32.848918805827864,31.22960590694903,32.29372722385535,11374
2013-10-14,32.01612091064453,32.201185907490704,31.090799456234908,31.368398716414774,10551
2013-10-15,33.03397750854492,33.45037288008793,31.460930288172055,32.01612176368186,13964
2013-10-17,33.35784149169922,34.005567288880314,31.460933001957294,32.84891534027894,10325
2013-10-18,33.49663543701172,34.005561501823095,31.50719301205148,32.84890975006041,12515
2013-10-21,33.450382232666016,34.14437353600081,31.923599953400547,32.84892169118027,10394
2013-10-22,33.54290771484375,34.236898908943964,33.03398154513461,34.236898908943964,8233
2013-10-23,34.190635681152344,34.653296506256375,32.478788510374244,32.848918582386254,24863
2013-10-24,34.60702896118164,35.162220504588554,33.77423811624953,35.1159551309416,8928
2013-10-25,34.60702896118164,34.69955970847555,32.987716174786115,34.236898912362534,4382
2013-10-28,34.329429626464844,35.254751217796205,33.31157728792904,34.2368988792604,4150
2013-10-29,34.09809112548828,34.42195572338343,32.43251336286766,33.58916507716266,8062
2013-10-30,33.95929718017578,34.60702288701053,33.404102204394086,34.051827911228834,4617
2013-10-31,33.49663543701172,34.32942258038824,33.40410117897809,34.23689185217563,6030
2013-11-01,33.727970123291016,34.69955701371062,33.404105473270164,34.69955701371062,4906
2013-11-05,33.450382232666016,34.42196935137027,32.8951870721048,33.68171266711095,4055
2013-11-06,33.35784149169922,34.3756973243614,33.219045375760025,33.77423689916004,7296
2013-11-07,33.35784149169922,33.8667676431195,32.89518071225867,33.17277647395868,6133
2013-11-08,32.710113525390625,34.37569504478308,32.57131741865551,34.37569504478308,8792
2013-11-11,33.54290771484375,34.37569855969271,33.080246918776936,34.05183388455289,9425
2013-11-12,33.450382232666016,34.09810462525398,33.12651750654973,33.40411332191919,2687
2013-11-13,34.05183410644531,34.69955993112398,32.47878668360334,33.77423833296068,10415
2013-11-14,35.2547492980957,36.31887048211167,33.68170550234556,35.43981431224912,40601
2013-11-18,37.244197845458984,38.678445752176835,36.45767582462658,36.45767582462658,52413
2013-11-19,38.817237854003906,39.2798986066623,37.01286021267187,37.01286021267187,46841
2013-11-20,39.92762756347656,41.08427953773925,38.86350633522621,39.18736747609108,41620
2013-11-21,40.11268615722656,41.13054193892729,39.51122929196024,41.08427656926395,17252
2013-11-22,39.97389221191406,41.17680953737878,39.78882719342219,41.17680953737878,8007
2013-11-25,40.158958435058594,40.85294962785461,39.88135913408279,40.34401992928014,8023
2013-11-26,39.97389221191406,40.89921377455179,39.78882719342219,39.78882719342219,3066
2013-11-27,38.67844009399414,40.714148210482584,37.66058780066071,40.158956692268276,21489
2013-11-28,39.51123046875,39.8813569669019,38.07698278754059,39.8813569669019,4285
2013-11-29,38.30831527709961,40.43655423031142,38.07698487936307,40.43655423031142,7019
2013-12-02,45.942222595214844,45.942222595214844,41.778275055944206,43.860248825579525,182100
2013-12-03,48.25552749633789,50.70762785445007,46.636214540485234,46.68247991897375,245884
2013-12-04,44.55424118041992,49.365911187219595,43.95278066465889,48.90325033811792,80682
2013-12-05,43.5826530456543,46.266087534589424,42.102139656476375,46.081022478486595,35208
2013-12-06,42.703590393066406,44.369168455597176,42.10212998140345,44.369168455597176,31230
2013-12-09,44.04530334472656,45.063159143970736,42.379725299388774,42.379725299388774,22947
2013-12-10,43.44385528564453,45.340764098068675,43.02745980735089,44.04531228333782,23105
2013-12-11,43.166255950927734,43.49011711324654,42.102134652185484,43.02745629289286,12522
2013-12-12,43.999046325683594,45.109433076610756,41.639476686102235,42.56479839023784,12066
2013-12-13,43.212520599365234,44.32290725548124,42.796125162094,43.490116380938765,10296
2013-12-16,43.6751823425293,46.35861299467931,43.02745648517517,46.35861299467931,8603
2013-12-17,44.18410873413086,46.08101740837523,43.536382873948845,44.97063072375205,10244
2013-12-18,43.86024856567383,45.66462299814114,41.824540185906905,43.49011848578092,28939
2013-12-19,43.166255950927734,44.78556882216564,42.88865663485797,43.49011711324654,8025
2013-12-20,43.5826530456543,45.34076578389764,42.70360020635498,43.49012228251406,8478
2013-12-23,45.15570068359375,46.266087489301455,43.95278311483638,43.99904849636121,13135
2013-12-24,43.8139762878418,45.43328908561578,42.93492359290762,45.43328908561578,7555
2013-12-26,45.15570068359375,46.08102243337978,43.119992128100016,43.49012223994337,7147
2013-12-27,45.01690673828125,46.2660897495912,43.6751894295786,46.17355898202103,11468
2013-12-30,46.312339782714844,47.19139590255015,44.369166069244265,44.878092181836905,20089
2013-12-31,45.98848342895508,47.19140078214341,45.38702298745006,46.728739990161614,29509
2014-01-01,46.17354965209961,46.72874120498256,45.8034195969631,45.98848462453135,14705
2014-01-02,45.47956085205078,47.05260484504379,44.36917415772125,47.05260484504379,25412
2014-01-03,44.78556823730469,46.26608143117348,44.415438173926546,45.479559458772286,27441
2014-01-06,43.8139762878418,45.75715376306365,43.536380514187755,45.248227589727605,14424
2014-01-07,44.41544723510742,45.15570398306136,43.027464509010315,45.01690782834521,23486
2014-01-08,43.7677116394043,44.646767878732305,43.536381235887546,43.95277666818206,8295
2014-01-09,43.7677116394043,45.34075908928255,42.28719846882584,45.34075908928255,22171
2014-01-10,42.749855041503906,43.628911193761766,42.56479003105675,43.39758081315819,9944
2014-01-13,42.28719711303711,44.137840281836795,41.17681050579296,42.74985790523703,36164
2014-01-14,49.08830642700195,50.383757980045594,44.46169878016253,45.525819950864204,410395
2014-01-15,46.40488052368164,49.3196415005447,45.61835503101306,47.83912832466078,53698
2014-01-16,44.32291030883789,48.11672782127913,43.95278022136075,48.11672782127913,23875
2014-01-17,43.53638458251953,44.46170626771579,42.93492760503522,44.46170626771579,18442
2014-01-20,43.5826530456543,44.230378977103015,42.102139656476375,42.102139656476375,7998
2014-01-21,43.5826530456543,44.415444033205844,43.536387664084174,43.952783157859955,3465
2014-01-22,44.41544723510742,45.94222964574328,43.49012541770935,43.53639080261473,23182
2014-01-23,45.52582550048828,45.942220945426975,44.415438823925754,44.415438823925754,15772
2014-01-24,44.83182907104492,46.35860748570893,44.41543367438327,45.98848098964865,21544
2014-01-27,43.0737190246582,44.41543602727996,42.88865400191353,44.41543602727996,10305
2014-01-28,45.57209014892578,47.19140299685716,43.027455673605054,44.73929927234661,95484
2014-01-29,44.83182907104492,47.006333266091325,44.137837919882685,47.006333266091325,25329
2014-01-30,35.99501037597656,42.56479209116204,35.90247610136365,42.56479209116204,190893
2014-01-31,37.15166091918945,37.84565206814202,34.32942742292512,37.84565206814202,23564
2014-02-03,35.80995178222656,37.24419976277906,35.62488672961476,36.966603948772494,10737
2014-02-04,34.884620666503906,35.90247288737626,34.514490660829594,35.67114251628515,8689
2014-02-05,35.4398193359375,35.80994941671125,34.838362366957725,34.97715849988134,7644
2014-02-06,36.18006896972656,37.01285972547837,35.16221673920445,35.16221673920445,9965
2014-02-07,36.04127502441406,36.27260541156714,35.6248796215742,35.995009652947765,6135
2014-02-10,36.08753967285156,36.96659583238533,35.85620929033328,35.85620929033328,10929
2014-02-11,35.80995178222656,36.596473843548885,35.62488672961476,36.133812976930514,7547
2014-02-12,35.4398193359375,36.04127983473933,35.254754295550626,35.53235362104196,4016
2014-02-13,35.2084846496582,35.99501009349807,34.468228107672516,35.53234931352931,2969
2014-02-14,34.56075668334961,36.50393395519384,34.236895569619605,35.16221707150122,5432
2014-02-17,33.54290771484375,35.6248812971444,32.8026511471012,35.6248812971444,21493
2014-02-18,34.190635681152344,34.97715767190041,33.542909820042304,34.236901057698354,4239
2014-02-19,33.63542938232422,36.64272374494652,31.2758606653078,35.856202015881316,26145
2014-02-20,33.35784149169922,34.93088884776141,32.617584950558665,33.31157611971949,3657
2014-02-21,33.49663543701172,34.190626488069334,33.40410117897809,33.91303077361049,5737
2014-02-24,33.95929718017578,34.23689290315606,33.404102204394086,33.45037109974174,4742
2014-02-25,34.05183410644531,35.439816503690274,33.311577533879024,33.82050370690449,1600
2014-02-26,33.82050323486328,34.37569830390533,33.774237861565204,33.82050323486328,2040
2014-02-28,34.14436721801758,34.65329337366162,33.40410714091172,33.820502551828355,5714
2014-03-03,33.17277908325195,34.283165747214014,33.080248332014236,34.14436962035744,4506
2014-03-04,33.40410614013672,34.00556655231028,33.0802450134719,34.00556655231028,6185
2014-03-05,34.190635681152344,34.56076222334239,34.005570645146335,34.005570645146335,5785
2014-03-06,35.2547492980957,35.624879326402535,34.0980973719138,34.190631643901284,11423
2014-03-07,35.2084846496582,36.18007158162827,34.607027753591794,35.62488005759441,11246
2014-03-10,35.9024772644043,36.36513806299152,35.16222069262909,35.208486066523456,5804
2014-03-11,35.763675689697266,36.08753678739928,35.16221533131212,35.6248760593557,5205
2014-03-12,35.1622200012207,35.995010834230925,35.1622200012207,35.301019649996306,3461
2014-03-13,35.2547492980957,35.99500935470936,35.16221855592977,35.16221855592977,5296
2014-03-14,35.532344818115234,36.087536271908434,34.65328874142502,36.04127090572919,4710
2014-03-18,34.190635681152344,35.162222707906416,33.913039892054314,35.162222707906416,5224
2014-03-19,34.884620666503906,35.20848177410293,34.23689492148453,35.20848177410293,1069
2014-03-20,35.99501037597656,36.92033194317573,34.283163358765094,34.69955876996905,7033
2014-03-21,36.08753967285156,36.68900007932769,35.06968740169974,36.596465808427475,9138
2014-03-24,38.215782165527344,40.2514904336535,35.62488233783126,36.59646933198956,51733
2014-03-25,38.724708557128906,40.714151460896936,37.66059080729404,38.95603896315673,17942
2014-03-26,38.123252868652344,39.418701066966996,37.290461967732796,38.4008486590182,4169
2014-03-27,37.10540008544922,38.40085192372051,37.05913470475859,37.753126004584864,7487
2014-03-28,36.55020523071289,37.938187707828575,36.272609441254154,37.197931092664604,4408
2014-03-31,37.244197845458984,37.75312406657537,36.55020658125788,37.75312406657537,17153
2014-04-01,37.66059112548828,38.6321781330497,36.781534869191034,37.01286527717337,6817
2014-04-02,38.724708557128906,39.60376480599901,37.56805652698979,37.938186588563056,18170
2014-04-03,38.35457992553711,39.326166871697055,37.93818451151951,38.40084529824536,3227
2014-04-04,37.382999420166016,39.69630375235891,37.01286931508624,39.69630375235891,10679
2014-04-07,38.400848388671875,39.14110500104333,37.012865916792165,38.12325260026032,10222
2014-04-09,39.418701171875,40.25149207501092,37.98445330964935,39.55750083233832,22911
2014-04-10,39.51123046875,40.9917435210007,38.26204427170576,40.9917435210007,7148
2014-04-11,39.8350944519043,41.315611140124666,38.262047014967195,38.863507471091374,16050
2014-04-15,40.11268615722656,40.57534691350286,39.094833905347286,39.418695022812116,10590
2014-04-16,37.84565734863281,40.71415308594074,37.19793147993753,40.71415308594074,13351
2014-04-17,38.770973205566406,39.55749508778082,37.33672202180138,38.86350394588993,6201
2014-04-21,39.55750274658203,40.02016359741925,38.30831986125041,38.86351147032621,23160
2014-04-22,39.1873664855957,39.927626554270454,38.86350535291671,39.41869687460116,4966
2014-04-23,39.51123046875,40.25148699487535,39.32616545476327,40.25148699487535,5141
2014-04-24,39.51123046875,39.51123046875,39.51123046875,39.51123046875,0
2014-04-25,39.233642578125,39.603769150478776,38.539651283911624,39.233642578125,10612
2014-04-28,39.233642578125,39.326173338757876,38.40085161314005,39.326173338757876,3857
2014-04-29,39.603763580322266,40.251489403118406,38.90977238371678,38.90977238371678,10002
2014-04-30,38.86351013183594,40.15896188149262,37.56805838217926,39.233640211687,8405
2014-05-02,38.400848388671875,40.20522630807989,37.382995987888876,38.58591342422023,2016
2014-05-05,39.8813591003418,41.176810737727074,37.93818517408562,40.02015875071227,30098
2014-05-06,39.55750274658203,41.31561539169232,38.95604222856478,39.51123736746274,18730
2014-05-07,37.93818664550781,40.714151522008386,37.47552583275772,40.714151522008386,9496
2014-05-08,45.06315994262695,45.52582071507729,40.62161723306805,40.62161723306805,439770
2014-05-09,42.148399353027344,45.8034204812314,41.87080357122668,45.340759668289664,77920
2014-05-12,40.62161636352539,43.44384630909572,40.43655135254242,42.564790154292766,39557
2014-05-13,40.66788101196289,43.30504589974071,40.251485627097594,42.564789398769875,13383
2014-05-14,40.48282241821289,41.63947448730469,40.25149200439453,40.714152832031246,9902
2014-05-15,39.8350944519043,41.45440726319977,39.788829077545934,40.436554908028484,8226
2014-05-16,40.390281677246094,41.54693346033079,39.04856490290362,40.76040812994053,21668
2014-05-19,42.564788818359375,45.479552942849494,40.25148507823115,40.25148507823115,56596
2014-05-20,45.15570068359375,46.17355672625179,43.119992128100016,43.582653002993034,39746
2014-05-21,44.739295959472656,45.98848218184116,43.67517828466425,44.41543482579654,36268
2014-05-22,46.82127380371094,49.04204716262658,44.87809976202621,45.710890654075065,83175
2014-05-23,45.80342102050781,48.11672511245265,45.340760202118844,47.33020313312017,24304
2014-05-26,43.490116119384766,47.93165918731501,42.56479449982339,45.80342016828821,35414
2014-05-27,43.0274543762207,44.69303254933586,42.56479357647639,42.703593228328394,12973
2014-05-28,44.32291030883789,45.4332935116251,43.11998928944822,44.41544106579612,15679
2014-05-29,44.50796890258789,46.72874222210167,43.72144693058028,46.72874222210167,6778
2014-05-30,45.66462326049805,46.728744598937325,38.5859145629087,45.340762086097605,25964
2014-06-02,51.4478874206543,53.391065195893454,46.26608707966117,49.042052304440844,326826
2014-06-03,54.9178352355957,56.259552253925854,50.9852184579718,51.86427467893443,375162
2014-06-04,54.362648010253906,57.74007351133041,53.76118751395632,54.59397842731882,173809
2014-06-05,53.06718826293945,55.51929172610433,50.6613537000702,55.51929172610433,69245
2014-06-06,52.74332046508789,55.05662399425841,51.17027335928772,55.05662399425841,42925
2014-06-09,55.7506217956543,57.508734102383606,50.337492294643845,50.337492294643845,210901
2014-06-10,56.35209274291992,57.18488015208561,53.529858744028985,55.42677104618772,71541
2014-06-11,56.62968063354492,58.75791953270208,55.79688981091655,57.18487216208273,131159
2014-06-12,58.11019515991211,59.03551675013308,53.4373218352606,55.981956208368246,74023
2014-06-13,55.1029052734375,60.145909129489915,54.59397905599854,59.77577904599499,183112
2014-06-16,55.28795623779297,55.98194732027573,54.270104062080065,54.593965155310215,37712
2014-06-17,58.66539001464844,60.79362542848784,55.79689097769497,55.88942525426737,195801
2014-06-18,56.90727615356445,61.024954287160185,55.98195459009186,59.220580062245936,57936
2014-06-19,56.99980926513672,58.52659132020111,56.44461771592519,56.907278516875394,28504
2014-06-20,56.25954818725586,57.32366935621083,54.36263976112968,56.44461319878996,25850
2014-06-23,55.334232330322266,57.18487557568302,54.686506488481626,56.537149733842384,19156
2014-06-24,57.046085357666016,58.29526826571677,55.33423806054132,55.33423806054132,27129
2014-06-25,56.213279724121094,57.27740083453092,55.565553984298646,56.44461009335616,17366
2014-06-26,56.213279724121094,57.23113193682686,55.6118193521814,55.65808824988546,14323
2014-06-27,56.074485778808594,56.999807349612844,54.177577264624226,55.51929424825472,26365
2014-06-30,56.30581283569336,57.36993399100346,55.98195171702757,55.98195171702757,31483
2014-07-01,58.43406295776367,59.128054187524185,56.0744899527204,58.01766751394298,38237
2014-07-02,64.86505126953125,68.0111465347692,58.75792931915434,59.868312561170335,527836
2014-07-03,66.06795501708984,67.45593723568567,61.302547987982315,64.86503427044974,192944
2014-07-04,68.28873443603516,71.15722988044459,66.16049200908829,66.2530227538157,278683
2014-07-07,67.8723373413086,69.39911937958823,66.66942350784849,69.35285047614444,65856
2014-07-08,63.014408111572266,69.3065986705227,62.1353552959686,68.47380770541977,51487
2014-07-09,62.69053649902344,63.84718846395007,60.51603221689004,61.99654532006746,45868
2014-07-10,63.75466537475586,65.3277094121,60.60857024042336,64.72624890618224,55768
2014-07-11,62.3666877746582,65.05012227934553,61.53389678221804,63.1532098554343,46461
2014-07-14,62.96813201904297,64.40237613377211,61.071220086440306,61.53388084467091,21795
2014-07-15,63.939727783203125,64.77251872155193,61.765223209479885,62.64427599684323,21591
2014-07-16,64.12479400634766,65.69783800803454,63.01440377605925,63.939725438144244,22790
2014-07-17,65.97544860839844,66.43810951852845,63.01441454777919,63.01441454777919,22439
2014-07-18,65.79036712646484,66.62315801356316,64.91131439319898,65.32770630692622,12928
2014-07-21,73.00786590576172,75.41370033266674,67.13207594207756,67.548467782634,254188
2014-07-22,71.34228515625,76.70915259872491,70.78709367659738,74.02571887748746,80056
2014-07-23,71.3885726928711,73.10041647692071,69.58419108835025,72.17509474936475,32912
2014-07-24,71.48109436035156,73.88692913401395,69.5841822363165,71.43482545600197,20703
2014-07-25,68.52005767822266,72.40640502841472,67.36340584070804,71.24975319090012,56720
2014-07-28,68.10366821289062,70.78710225949293,66.66942397152363,68.011137465003,30380
2014-07-30,65.46649169921875,72.54520210759985,62.921857746245585,71.34228141506469,235732
2014-07-31,63.338253021240234,66.34554785683653,63.01439191241225,65.60529490232152,32033
2014-08-01,62.50547790527344,65.51277315345408,62.36667825112098,62.92186980808713,31660
2014-08-04,64.95756530761719,65.60529458175081,62.45920012641755,64.12478162031242,26762
2014-08-05,68.0573959350586,69.12150996209489,64.9575634087243,65.00383230539651,50506
2014-08-06,67.03954315185547,69.53791556064928,65.37396860563607,67.54847282576989,33528
2014-08-07,65.42022705078125,67.03953967144062,64.86503556419802,65.69782632389425,22831
2014-08-08,65.18889617919922,67.45593806661704,63.10692282565945,64.95756580658369,18962
2014-08-11,66.06795501708984,68.19619018315119,64.81877243228212,67.17833796810945,16785
2014-08-12,68.52005767822266,69.39911025087675,65.28143253318174,65.88288584097529,38262
2014-08-13,68.84391784667969,70.23190003286419,65.69782347939966,68.47378785176866,67648
2014-08-14,70.74082946777344,72.31388033398146,67.59474185464369,70.13937610973832,76150
2014-08-18,70.3244400024414,72.17508316040039,69.39911842346191,70.74083188912482,28620
2014-08-19,70.9259033203125,72.1750860907232,69.86178204935386,70.0931124534908,27705
2014-08-20,73.47052764892578,74.0257191304758,70.41696391093657,71.24975466308297,99560
2014-08-21,76.80169677734375,77.44941910703004,74.02573183358433,74.02573183358433,197271
2014-08-22,81.19696807861328,86.88769716784647,77.72701217781784,78.05087331663007,379204
2014-08-25,77.31061553955078,83.27893649805416,76.43155586295224,81.42829346476407,71127
2014-08-26,79.3926010131836,79.90152368886724,76.52409822809183,78.32847969545381,111931
2014-08-27,81.38203430175781,81.7521643646274,79.53139104705366,80.31792007801793,67145
2014-08-28,83.0013427734375,85.5922460172773,79.6701865025316,81.98349044894451,102891
2014-09-01,86.98023223876953,87.90555385833092,83.41774541538697,86.70263292904365,108324
2014-09-02,89.52487182617188,91.8381760077267,86.05491555383963,90.26513198812707,98024
2014-09-03,86.0549087524414,90.77404749790465,84.20426555346417,88.83087355090726,70777
2014-09-04,85.59223937988281,87.53541313225429,83.46399709036373,86.05490013328759,60193
2014-09-05,84.20426940917969,87.4428951556866,83.74160858825013,86.74890392429226,30750
2014-09-08,86.0086441040039,87.85928739454422,83.6953399908285,85.22212211745305,48305
2014-09-09,86.1011734008789,87.81301686339938,84.01919990492728,86.8876953096431,68753
2014-09-10,83.83413696289062,86.05491025229801,83.27894540544969,86.05491025229801,38953
2014-09-11,85.03704833984375,86.42503060743758,84.29678830660322,85.12957907908809,30844
2014-09-12,84.85198974609375,86.88770154626268,83.74160662574249,85.12958905600343,44977
2014-09-15,83.3714828491211,84.80573429234202,81.52083946929757,84.48187311280176,34154
2014-09-16,77.49568939208984,84.85199380007836,75.59877715624674,81.19697604962249,44059
2014-09-17,79.85525512695312,80.8731074523756,76.52409179336188,77.72701267045242,30841
2014-09-18,80.64178466796875,82.35362833950148,78.74487242730238,82.35362833950148,25211
2014-09-19,79.0224609375,82.35361706997486,78.23593904033335,81.42829552986278,22651
2014-09-22,80.80140686035156,81.69087484663856,77.80529025908633,80.89503394154676,19139
2014-09-23,78.69475555419922,81.4567933923727,77.5243993272973,79.58422342932965,27059
2014-09-24,75.46458435058594,82.72079452166707,73.35794268801399,82.72079452166707,26342
2014-09-25,70.03412628173828,77.33714556141375,69.09784120921925,75.37094833778144,37258
2014-09-26,73.77926635742188,75.13687685131414,69.09784100843034,69.28509516507472,37978
2014-09-29,76.63494873046875,77.80530533033324,75.18371083261066,76.77539295111045,24943
2014-09-30,73.9665298461914,77.57122639105052,72.18758656047329,77.57122639105052,11698
2014-10-01,73.59201049804688,76.77538139936105,73.21749501378248,76.77538139936105,6427
2014-10-07,72.00033569335938,73.91971613095708,71.48537595898787,73.03024801881296,11564
2014-10-08,70.78317260742188,72.74937045754378,70.31502992199806,71.25131529284567,13962
2014-10-09,78.17981719970703,79.49061795865941,73.21750259199068,73.21750259199068,44692
2014-10-10,77.57122802734375,82.20584409131618,73.49838880260863,78.17981484099136,63086
2014-10-13,77.29033660888672,79.58423220937091,75.69864767872632,76.77537695492252,16777
2014-10-14,76.16679382324219,79.58423597309763,75.37095289216893,76.91582478383386,18351
2014-10-15,76.16679382324219,76.16679382324219,76.16679382324219,76.16679382324219,0
2014-10-16,72.32803344726562,77.24353086601184,71.7662637423525,76.96264244191059,32977
2014-10-17,72.65572357177734,74.06015124575482,71.43855720696999,73.68563577070312,16977
2014-10-20,73.45157623291016,75.60503520122055,73.07706784128199,74.90282125198321,15627
2014-10-21,73.26431274414062,74.85599463653807,72.42165468328189,73.59201111689435,7439
2014-10-22,73.31112670898438,74.66873725632952,72.51527865369052,73.03023831967025,9766
2014-10-27,73.91970825195312,74.90281049704227,73.21749440354336,73.96652536582924,9479
2014-10-28,74.01333618164062,77.71165927791282,73.77926491875535,75.7922720649383,5846
2014-10-29,73.31112670898438,75.83909363965758,73.03023831967025,75.83909363965758,19301
2014-10-30,75.04325103759766,75.74546485177989,73.68563337753905,74.0133388721214,15461
2014-10-31,75.69865417480469,77.43078030169923,74.76236900964126,74.76236900964126,33551
2014-11-03,74.85599517822266,76.30724002371934,74.62192388980634,75.41777198505288,15395
2014-11-05,75.51140594482422,76.77538958866259,74.94963623015043,75.13689042061188,16447
2014-11-07,75.79228973388672,76.68176502618103,75.09007578152845,75.83910685469316,31584
2014-11-10,75.79228973388672,76.77539212450418,75.51140843891724,75.93273395301632,16982
2014-11-11,74.48149108886719,76.77538698915427,73.87290427553921,76.44768859529744,20014
2014-11-12,73.45157623291016,75.88592363823136,72.79617940427119,74.94963837258157,24354
2014-11-13,73.21749877929688,75.27733047704203,72.09395941200977,75.27733047704203,32231
2014-11-14,73.45157623291016,75.839106517633,73.03025072068363,75.18370968899401,27348
2014-11-17,71.20449829101562,72.32803776795927,69.89369747238818,72.32803776795927,37037
2014-11-18,69.94049835205078,72.70254385044217,68.58288773207607,71.20448902829692,52473
2014-11-19,70.54906463623047,71.62579368233469,69.00419314775806,70.26818345678161,13166
2014-11-20,70.08094024658203,71.57899501939903,68.91058383917989,69.8468689651016,20759
2014-11-21,68.91058349609375,70.82997085199261,68.81695641262544,69.28509897325554,37843
2014-11-24,69.75325012207031,71.1576779768771,68.72333779053656,68.72333779053656,19251
2014-11-25,66.75714111328125,69.28510842835121,66.56987977750116,69.28510842835121,28900
2014-11-26,66.94439697265625,67.97430934357763,66.05492882124454,66.05492882124454,19491
2014-11-27,67.83384704589844,68.34880666576385,65.6335786709321,67.41252164294517,40101
2014-11-28,68.53607177734375,72.04714117461114,67.92749212978192,67.92749212978192,29493
2014-12-01,67.178466796875,68.86378310693473,65.72722179969637,67.45935522964815,23323
2014-12-02,67.83384704589844,70.26819381985729,67.13163327878443,67.41252164294517,23184
2014-12-03,68.81696319580078,69.28510580257493,65.5399649483817,68.34882058902663,40526
2014-12-04,69.42554473876953,70.22138568116499,67.92748993956243,68.34881539633392,35456
2014-12-05,69.65961456298828,72.09395445354104,69.33191619867536,69.42554328229497,25183
2014-12-08,69.7064208984375,73.03023576828365,69.37872255121182,72.0003236155937,45201
2014-12-09,67.31890869140625,70.17457432408888,63.90146621255323,70.1277643491009,59409
2014-12-10,67.78704071044922,68.72332578340215,66.71031144789572,68.34881032556332,14280
2014-12-11,66.52305603027344,69.98730787725019,65.53995386498346,69.98730787725019,23226
2014-12-12,65.91447448730469,67.97429891307195,65.72721317559672,67.4125292645253,10072
2014-12-15,65.63359069824219,66.47624880185309,65.53996360746079,65.58678072449605,16265
2014-12-16,64.83773040771484,65.8676423862558,64.04188965808261,65.539944094441,12723
2014-12-17,62.824729919433594,65.49314107411509,62.731102836395195,64.22915759487528,14330
2014-12-18,68.16156768798828,69.56599553477412,62.871554703103754,64.88456937882134,34484
2014-12-19,66.47624206542969,71.11085045070413,66.19535367826039,69.75323991372552,20776
2014-12-22,65.1186294555664,66.05491452527527,62.45021129226561,66.00809741447455,9982
2014-12-23,65.44633483886719,67.41253226802685,64.46323255264288,67.41253226802685,12031
2014-12-24,65.49313354492188,67.27207649129565,64.08870603093538,65.0249910402597,9189
2014-12-26,66.99121856689453,67.17847277655142,64.9782036682771,64.9782036682771,3774
2014-12-29,66.2421646118164,68.25517881666343,65.5867679606047,67.1316325160734,8875
2014-12-30,65.30587768554688,66.28897977683786,64.60366394699261,66.28897977683786,28841
2014-12-31,66.38259887695312,67.41251080786031,66.05490060029447,67.31888374928452,4326
2015-01-01,67.740234375,68.20837698594443,66.56987784763895,66.99121048346254,2550
2015-01-02,67.03801727294922,68.34881794996247,65.53996241777223,67.08483438913466,14123
2015-01-05,67.13164520263672,68.20837459878332,66.19536001351605,68.20837459878332,3446
2015-01-06,65.1186294555664,67.97429463220551,64.55685269911054,66.47623994932897,12761
2015-01-07,66.89756774902344,67.17845613722618,64.32278371588933,64.60367210409207,12399
2015-01-08,67.31890869140625,68.44244809716838,66.47625056544,68.3956381221804,2401
2015-01-09,67.13164520263672,67.59978779719705,66.4762484275679,67.41253361668856,5802
2015-01-12,71.9535140991211,73.03024347647043,67.17846114662505,67.59978661705833,18308
2015-01-13,73.31112670898438,75.37095108632636,71.20448521899388,71.62581065967659,30926
2015-01-14,74.0601577758789,75.60502978212821,72.09396028760213,73.35794387697369,9640
2015-01-15,73.82609558105469,74.90282512082456,73.07707161582047,73.4983971498091,7003
2015-01-16,72.98342895507812,73.96653127875705,72.32803216815167,73.63883288529381,7679
2015-01-19,72.28121948242188,73.31113898686853,71.62582265531007,72.74936211415593,10234
2015-01-20,71.34492492675781,72.56209846805356,70.92359947038784,72.5152813536619,26909
2015-01-21,70.87678527832031,71.25130077902904,70.22138850954683,71.25130077902904,7366
2015-01-22,70.78317260742188,71.15768818441902,69.98733147085949,70.2214028135714,11232
2015-01-23,72.4216537475586,73.0302405138316,71.15767024424618,71.20448735830128,20810
2015-01-27,72.6089096069336,73.73244882698187,72.0471328536213,73.03023502862966,32902
2015-01-28,74.57510375976562,76.07315837291311,72.749343672843,72.749343672843,27110
2015-01-29,73.77926635742188,77.24351825836034,73.17067963339534,75.37094811876372,34398
2015-01-30,73.07704162597656,75.5581909752412,73.03022452217314,73.49836698705886,5407
2015-02-02,74.10696411132812,75.60501878238337,73.03023486100189,73.17067904900759,5757
2015-02-03,74.80918884277344,75.09007011655255,73.17068974421646,73.73245943506387,8349
2015-02-04,75.27732849121094,76.2136136536805,74.34104332874136,74.80918590997615,17733
2015-02-05,75.13688659667969,76.49449726665607,73.40476042155113,75.8391004901066,10959
2015-02-06,72.8429946899414,75.09007355626483,70.87678996697414,74.62193093523253,13610
2015-02-09,70.78317260742188,74.10698853124711,70.4554741562833,72.09397355526663,15481
2015-02-10,69.19147491455078,71.90670331356161,68.1147455493737,70.22138716430278,7464
2015-02-11,71.6726303100586,72.84298673482579,69.09784617557077,69.14465614658822,7066
2015-02-12,73.9665298461914,74.4814895568666,71.85988817335684,71.85988817335684,15925
2015-02-13,73.8729019165039,74.38785447803767,73.59201350600257,73.77927482743313,12235
2015-02-16,74.10696411132812,75.55820167195208,70.3150067516147,71.15766473636081,62988
2015-02-18,77.24352264404297,78.46069616120394,73.17068378783297,74.43466727516868,33777
2015-02-19,77.47760772705078,78.64796433924188,76.96264796037075,77.29035352641615,14123
2015-02-20,75.88591003417969,78.1798056664796,74.06014980749245,77.71166311757852,18383
2015-02-23,74.66873168945312,76.72855591322632,74.57510461442487,75.41776257625497,5348
2015-02-24,74.80918884277344,76.54131503259012,73.96653073485773,76.49449791531568,9473
2015-02-25,74.15377807617188,76.30723669291936,73.73245263272884,76.30723669291936,12765
2015-02-26,73.1706771850586,74.57510474276303,71.48536125849809,73.6388197042934,10380
2015-02-27,72.70255279541016,74.15379068095552,72.09396593998609,72.88980699248384,5282
2015-03-02,74.10696411132812,74.43466245448269,70.59589512762612,72.09394979868135,9439
2015-03-03,75.04325103759766,75.3709493888917,73.03023667495097,73.68563337753905,9971
2015-03-04,75.09008026123047,75.60504004766373,74.66875472199608,74.902826053413,27716
2015-03-05,76.40086364746094,77.19670456334615,72.46846903762318,74.43466634254206,36633
2015-03-09,72.8429946899414,76.26043010884557,71.25130549245789,75.83910460723231,19292
2015-03-10,75.60501861572266,76.02634403552288,74.20059102533772,74.43466229040187,21270
2015-03-11,74.9028091430664,75.7922771443249,73.96652402877807,74.9028091430664,9890
2015-03-12,76.26042175292969,76.77538143695647,75.37095372774385,75.37095372774385,10338
2015-03-13,79.3033447265625,79.77148727428315,75.04325182827763,78.50750382409508,81272
2015-03-16,81.03547668457031,81.45680211405183,80.05237449139575,80.05237449139575,31638
2015-03-17,81.2695541381836,81.92495088797183,80.09919769692685,81.45680831146913,18742
2015-03-18,82.72078704833984,83.5166279536431,81.50362070590207,82.39308869242538,30684
2015-03-19,80.7077865600586,83.84434789589918,80.0523897353308,82.72080129785057,37950
2015-03-20,76.63494873046875,82.25266040981829,75.83910767121885,82.25266040981829,55775
2015-03-23,74.01333618164062,77.61803220141631,73.49837654597779,77.61803220141631,14806
2015-03-24,75.69865417480469,79.02246936845039,73.49838546532844,79.02246936845039,9467
2015-03-25,74.85599517822266,76.63493839884443,73.77927296613866,74.94962940822025,6245
2015-03-26,73.35794067382812,74.99643969972921,72.14077425484635,73.96652745496344,13093
2015-03-27,74.20059204101562,75.37094838235656,72.28120478390119,73.49837823621105,16828
2015-03-30,76.40086364746094,77.10307748088115,74.01334089980534,75.37095145376901,14769
2015-03-31,76.77537536621094,78.64794549709413,75.88590741135668,75.97953448924322,3596
2015-04-01,78.13299560546875,78.17981272189928,76.3072423573029,76.3072423573029,6674
2015-04-06,77.29033660888672,78.74157420437874,75.8390918701064,77.71166203973866,9572
2015-04-07,78.460693359375,79.11609006472602,77.05626572508992,77.05626572508992,1765
2015-04-08,77.47760772705078,79.06928986231473,76.02636267061787,76.02636267061787,10324
2015-04-09,77.33715057373047,78.64795118886936,77.10307929043026,78.64795118886936,8555
2015-04-10,81.78450775146484,82.58034871322612,77.52441453578327,77.52441453578327,18332
2015-04-13,92.41134643554688,94.19028974522233,80.98866984632838,80.98866984632838,162516
2015-04-15,110.85616302490234,110.85616302490234,92.78585679928005,92.78585679928005,293569
2015-04-16,105.4725341796875,120.7807964925239,101.63376610742023,111.97971376906195,490577
2015-04-17,107.81324768066406,112.91599942233594,99.48030754907211,108.14094608863839,88432
2015-04-20,105.6597900390625,111.04343027778108,104.16173505346829,111.04343027778108,29875
2015-04-21,101.02516174316406,108.60906947620708,98.30993357760123,108.60906947620708,28437
2015-04-22,101.54012298583984,104.86393816904939,98.49719620861298,102.99136784460207,22962
2015-04-23,100.32295227050781,101.96145123432711,96.15647919082274,100.18250807352273,22320
2015-04-24,95.36064147949219,99.38667049787837,93.62851537373584,99.38667049787837,27697
2015-04-27,93.58170318603516,102.99137233385285,89.41523688984498,102.99137233385285,18420
2015-04-28,99.01214599609375,100.04205814280918,91.38142125899012,92.69222178357712,19410
2015-04-29,98.91852569580078,100.18250919625467,92.03683139929524,97.37365379822884,15184
2015-04-30,95.87560272216797,98.68445822881378,92.69223171931161,97.37365756372128,24666
2015-05-04,94.98612976074219,98.30994504579668,94.37755010128045,95.8756049780824,15424
2015-05-05,93.86257934570312,96.81187877873948,93.58169096416127,94.56479315626949,4204
2015-05-06,89.32160186767578,97.18639830354263,88.01080127114987,97.18639830354263,10203
2015-05-07,90.86648559570312,91.75595371830971,87.58948724862064,89.04072508778347,11832
2015-05-08,92.87948608398438,93.62851707792335,90.21107477592135,90.21107477592135,7208
2015-05-11,91.33462524414062,95.03294897245237,90.81966552047173,95.03294897245237,5347
2015-05-12,90.35150146484375,92.69221393802623,89.88335897020725,90.81964395948025,4353
2015-05-13,90.67920684814453,91.7559360983646,88.52575549099252,89.88336597390818,10400
2015-05-14,96.81188201904297,97.84179421368724,89.2279740397498,89.88337076089928,22585
2015-05-15,97.23322296142578,98.30995244062387,95.50109665660605,98.30995244062387,10728
2015-05-18,97.98224639892578,107.11102698621784,95.96923181512152,98.21631769603584,9279
2015-05-19,98.59083557128906,100.46340599320689,96.25012254389179,98.30994715068569,13950
2015-05-20,97.65454864501953,98.77808802111944,95.40746274953055,98.77808802111944,15608
2015-05-21,113.75862884521484,117.03562638396589,99.24621117360307,99.90160782403818,620116
2015-05-22,108.28137969970703,114.9290028773999,105.4257071171282,114.9290028773999,89472
2015-05-25,107.15782928466797,109.45173211802302,103.92764847322113,108.32818568639343,32572
2015-05-26,107.11102294921875,108.6090777656038,104.06809620147554,108.6090777656038,35777
2015-05-27,106.64289093017578,108.4218343259354,104.34898779188671,105.80023278025918,29771
2015-05-28,104.91073608398438,108.37498769287797,104.348959374834,107.62595684286917,29823
2015-05-29,105.00438690185547,107.62598118320209,103.92765749019115,104.39580009149832,24670
2015-06-01,106.97056579589844,108.51543754020796,105.05117860701571,105.33206697626761,33223
2015-06-02,107.76642608642578,108.60908420286448,104.86394336828295,104.86394336828295,52723
2015-06-03,103.31906127929688,107.6727885039853,102.99136291685551,107.20464594527232,21436
2015-06-04,106.59606170654297,107.67279104565728,102.99136534802001,102.99136534802001,14045
2015-06-05,107.9068603515625,110.4816444380423,105.19163206807154,105.80021882626085,26389
2015-06-08,104.02128601074219,106.73651456428088,103.83403182496268,106.73651456428088,15573
2015-06-09,104.53623962402344,106.73650832307824,102.99136768016321,104.02127992830707,20235
2015-06-10,104.86392211914062,106.59604797548673,103.36586751752475,103.45949459075928,3829
2015-06-11,103.2254409790039,106.73651040005846,102.99136968426693,104.62986874742573,10823
2015-06-12,103.88082885742188,105.98747032978022,102.33596415898982,102.9913608708526,7672
2015-06-15,105.09800720214844,107.20464877190197,104.11490494561463,104.11490494561463,12874
2015-06-16,107.11102294921875,107.9536810157131,103.92765199984501,103.92765199984501,17599
2015-06-17,106.64289093017578,107.4855490800924,104.20855071964189,105.80023278025918,11388
2015-06-18,105.98746490478516,107.01738417540774,105.00436988731094,105.00436988731094,7843
2015-06-19,106.59606170654297,106.73650590612982,103.45950791778374,105.98747493719237,8795
2015-06-22,108.65589904785156,111.13704908423209,104.62986987757337,104.86394117483863,31125
2015-06-23,109.68580627441406,111.65200365221033,107.8132359825531,107.8132359825531,19797
2015-06-24,108.70269775390625,110.48164085738624,107.7664126618945,109.5453557653745,9164
2015-06-25,108.42182159423828,109.54536089999972,105.987474526274,107.67279062820487,5326
2015-06-26,107.95368194580078,108.60907870133813,106.78332549427775,107.34509516235103,4436
2015-06-29,108.23456573486328,108.4218270574518,103.6467669091358,107.2046534621381,36030
2015-06-30,108.51544952392578,109.17084626684054,106.73650632321446,106.73650632321446,12238
2015-07-01,108.23456573486328,109.5453664198267,105.80022568752494,107.76642314332555,5851
2015-07-02,109.17084503173828,110.94978821232357,107.6727902482465,108.23455989914483,11919
2015-07-03,107.67279052734375,110.0135033648947,107.48553635765515,108.32818726454255,4602
2015-07-06,110.06031799316406,110.94978599402863,104.11490180543551,106.73650298159716,17988
2015-07-07,108.04730224609375,112.16695812532959,104.39578891805998,108.60907187887854,17178
2015-07-08,106.22154998779297,109.73261938549378,97.28003087428829,107.76642195143913,49409
2015-07-09,103.50633239746094,107.11102901248975,102.99137267676144,105.05119727298099,18491
2015-07-10,106.22154998779297,107.15783516051319,104.53624096286997,106.73650969010468,10371
2015-07-13,105.70660400390625,106.54926214042706,103.59996223424896,105.80023109834426,6868
2015-07-14,103.97447967529297,107.11103382826697,102.9913773073164,104.86394780381306,25238
2015-07-15,103.45951080322266,105.05119272749513,102.99136822040265,103.45951080322266,5640
2015-07-16,102.99137115478516,104.7703144488438,102.80411697363756,103.45951375094326,31430
2015-07-17,103.17863464355469,104.39580836068123,102.99138044551512,102.99138044551512,8484
2015-07-20,106.26836395263672,106.7365065251153,102.99136594528669,103.13181014568802,12036
2015-07-21,104.0680923461914,106.97057478477934,103.45950559053057,105.94066258312408,9017
2015-07-22,103.92765808105469,105.14483170868904,102.99137287311726,103.59995968693444,6945
2015-07-23,108.65589904785156,110.48165230920499,103.59995759826401,103.59995759826401,32005
2015-07-24,107.9068603515625,110.24757315745323,107.06420231278412,107.76641615455134,10005
2015-07-27,128.31790161132812,129.4882582216347,107.67280814820431,108.14095079232695,219614
2015-07-28,124.85362243652344,134.82505292802819,123.26192635463953,130.6117700240273,107720
2015-07-29,120.49989318847656,128.22424549910426,119.84449645579936,124.52592209860403,65090
2015-07-30,121.2489242553711,123.96414541595699,117.03564117313813,123.96414541595699,45223
2015-07-31,119.04866790771484,121.81071361022971,114.92901148489378,121.71707937300359,57995
2015-08-03,129.2073516845703,132.9524923131086,118.8613978409178,118.95503207126234,135155
2015-08-04,129.16053771972656,132.76524137724732,126.49213352875516,130.51814837336934,62581
2015-08-05,124.52590942382812,132.01618968992307,122.32563388103242,130.14361962339933,27564
2015-08-06,131.6416778564453,133.88875616130557,121.71705105573234,126.11758773658603,108796
2015-08-07,147.7458038330078,151.63138160411248,131.07992482000577,133.88878035186303,399776
2015-08-10,142.40899658203125,153.5507856821401,140.4427917824452,148.68210509099788,135019
2015-08-11,134.5909881591797,144.0942765650056,132.25027532162875,144.0942765650056,63186
2015-08-12,129.06689453125,139.22557833261138,126.96025325567949,131.36078995177834,44126
2015-08-13,121.01486206054688,134.8718858733449,117.50379256169155,132.01621315696025,36255
2015-08-14,132.20347595214844,135.1995859290414,116.28662652041407,123.35558309594137,61275
2015-08-17,130.0499725341797,132.95246156465763,127.66245736491896,132.95246156465763,27239
2015-08-18,131.4076385498047,134.6378197557689,128.50514860439978,130.14364776693313,25477
2015-08-19,133.8887939453125,137.4466808375388,131.03312100734485,132.01622340062283,36126
2015-08-20,128.8328399658203,133.88877396744246,127.7092863773911,132.48434626848325,15922
2015-08-21,127.10072326660156,130.51815873004057,122.65336830883834,130.51815873004057,13638
2015-08-24,108.23456573486328,123.54282704948895,104.95756759409923,123.54282704948895,32226
2015-08-25,110.85616302490234,115.06944619367853,102.94454923311599,108.32818883766335,50258
2015-08-26,114.64811706542969,115.63121935858753,104.62986852892435,109.54536570813556,16587
2015-08-27,121.62344360351562,125.83672706719277,114.36724033713871,116.09936655465924,22464
2015-08-28,118.90821075439453,125.41538950922903,116.09935538224349,120.4998926079647,17614
2015-08-31,120.73397064208984,125.08770528439132,114.69493411149412,121.71707293464682,21519
2015-09-01,116.33342742919922,121.15529013517494,113.29050075600084,117.97192640707526,22962
2015-09-02,115.02262878417969,117.73785713686861,112.35421754611717,116.66112779006056,9272
2015-09-03,117.971923828125,119.7976769348163,115.16306849888393,116.09935360863095,7927
2015-09-04,111.9328842163086,119.56360190674528,109.8262427854618,119.56360190674528,13581
2015-09-07,108.14093017578125,113.29049827938988,107.67278762090774,111.79244353245234,20396
2015-09-08,106.12792205810547,109.49854722452794,103.59995496911084,106.7365088442083,25403
2015-09-09,110.52847290039062,111.93290072812982,107.67280012667186,109.17085504760247,5902
2015-09-10,107.20465850830078,108.60908634902087,105.00438965316384,108.60908634902087,3322
2015-09-11,110.43482971191406,113.99271611109538,108.70270362676872,111.18386068330658,9585
2015-09-14,112.35421752929688,113.29050267537434,106.83013373878202,113.29050267537434,12392
2015-09-15,114.10383605957031,115.38058701376522,109.98985755585657,112.54335946424641,9381
2015-09-16,113.39453125,115.19144350737659,112.07049025954132,115.19144350737659,5174
2015-09-18,115.42788696289062,117.74495344162885,113.58368456767136,115.23873411403963,11159
2015-09-21,118.26512145996094,121.43335068405271,110.8410358730981,115.42789350537197,10658
2015-09-22,113.39453125,120.10930179714553,113.0162327933771,117.74494546255606,13255
2015-09-23,122.18994140625,126.58765316818605,110.65188453726009,111.59762714014265,46040
2015-09-24,121.48063659667969,128.62099626055715,119.21086008208353,126.72951102143132,16752
2015-09-28,116.04261779785156,124.64888150194784,114.81315670829756,120.15660401010481,7754
2015-09-29,121.62249755859375,122.94653135467428,113.6309686912741,115.38059096361741,12697
2015-09-30,119.49457550048828,123.6085543478987,118.21782443962897,120.0147368142,5586
2015-10-01,120.29843139648438,123.84496542604396,119.16354339320209,122.00077061684976,4877
2015-10-05,130.37060546875,132.40394601012292,121.00774634236038,121.00774634236038,45278
2015-10-06,123.65583038330078,132.4039484027695,120.20386885685436,132.4039484027695,20459
2015-10-07,124.60159301757812,128.33727356532424,122.94654339495375,124.83802867795305,10331
2015-10-08,124.50701141357422,126.39849667276039,123.32483312658287,126.39849667276039,3931
2015-10-09,129.61404418945312,130.5124968978621,121.33879529194375,121.33879529194375,15305
2015-10-12,132.40396118164062,134.20086631103683,125.59461749276213,128.66828087733592,36653
2015-10-13,130.89073181152344,133.6333932084435,126.91861693865168,132.40392530160915,30055
2015-10-14,130.37060546875,132.45123601987495,127.67523365261854,129.5667185956203,22120
2015-10-15,128.57371520996094,131.36365324606066,128.1954239081091,130.51249060144997,7159
2015-10-16,129.66131591796875,132.403963678964,125.7837654950158,132.403963678964,16823
2015-10-19,139.82803344726562,142.75982651881378,129.56672161963394,129.56672161963394,92649
2015-10-20,134.86289978027344,139.68617835484366,133.39699587227088,136.47065930513017,14711
2015-10-21,135.76136779785156,137.13269182997362,132.40397831859522,136.18694912769794,9664
2015-10-23,134.5319061279297,138.0784414388593,130.7016451059479,134.2954704405344,32299
2015-10-26,124.41242980957031,136.6597924015988,123.70312292859316,133.39698363528098,28202
2015-10-27,125.97290802001953,126.7295049656935,124.08142287127784,124.36514852976637,6355
2015-10-28,123.8449935913086,126.72951147753439,122.00079836270102,124.83802623160103,18428
2015-10-29,122.94654846191406,126.25664784358098,120.15661044068669,126.25664784358098,6940
2015-10-30,123.56126403808594,126.16205616957244,122.00079453154873,122.52095584402338,9641
2015-11-02,124.79071807861328,129.47214049577627,123.41939436078162,129.47214049577627,11133
2015-11-03,119.49457550048828,126.72950779928226,116.3263392485949,124.74344257634178,35220
2015-11-04,122.14265441894531,125.78376930269398,118.54883676813452,118.54883676813452,7302
2015-11-05,115.8061752319336,124.83801969449274,114.43485138661835,118.31239449464653,13948
2015-11-06,118.35968780517578,120.34574582161872,114.67129022295693,116.37362978873284,7908
2015-11-09,118.02867126464844,120.10930195565585,114.43484674515243,117.27207435040414,4510
2015-11-10,116.5154800415039,123.89227486628432,115.38059186020372,117.27207697266608,3177
2015-11-13,120.20387268066406,121.29147802023031,115.3805872785037,119.35270297076687,3148
2015-11-16,122.00080871582031,122.47368006743201,116.42092532371333,120.5821946609852,12672
2015-11-17,123.46670532226562,124.55430359281755,121.66978563632162,122.9465439807848,11917
2015-11-18,120.20387268066406,123.89226994659003,119.16355735320873,123.89226994659003,12710
2015-11-19,127.10778045654297,129.4248610210483,119.16354958959079,119.6364208181209,94322
2015-11-20,132.73497009277344,134.2954394976809,123.08838472499194,129.56672683931185,49531
2015-11-23,129.28302001953125,135.95050872491328,127.01324338534873,131.45823104530746,18782
2015-11-24,127.72254180908203,130.89077088021835,127.20238048967548,127.67525179261108,10821
2015-11-26,126.3511734008789,132.30933817398565,124.36510885592209,127.67520681026221,35413
2015-11-27,128.24269104003906,131.93108108290588,122.94652717403414,126.25662598256582,14792
2015-11-30,125.35816192626953,130.51245528127342,124.79071069617117,130.51245528127342,20956
2015-12-01,126.77680206298828,128.8574329566615,125.78376941824574,125.78376941824574,11760
2015-12-02,137.1799774169922,138.78773707271316,125.45275962931706,128.43185770372065,128420
2015-12-03,132.6876983642578,141.86139929944432,131.45823001748505,137.1799760087402,39678
2015-12-04,133.39698791503906,138.64586188884604,129.37758212721445,131.45821282532296,13569
2015-12-07,133.63343811035156,137.13268299720622,132.498549826897,134.2954550731261,9660
2015-12-08,132.2620849609375,137.13265271608617,131.45819812093777,136.5652014842176,14179
2015-12-09,125.16902923583984,132.07293813906057,124.8380135789958,132.07293813906057,18561
2015-12-10,129.51943969726562,130.60705229132822,123.89227439526114,125.78375950053231,8941
2015-12-11,124.83802032470703,129.56673321579441,122.99382518336026,129.33029757124007,14258
2015-12-14,123.65583038330078,127.67523595981342,118.92711794034473,123.89226600544859,17807
2015-12-15,132.30935668945312,134.2954215123413,119.63641423458573,122.99380265857104,22143
2015-12-16,137.03807067871094,140.3954591508179,130.70159936045619,131.4581961814905,67349
2015-12-17,140.30091857910156,140.91564548840773,134.48459300947087,139.96990290123722,34542
2015-12-18,135.1466064453125,139.87531925908672,134.29544391118765,139.59160803496928,10705
2015-12-21,135.52490234375,139.9698891815827,132.40394922582146,135.05203109651492,21901
2015-12-22,139.4024200439453,143.6582607235474,134.38999701045404,138.97683886216177,120161
2015-12-23,136.7071075439453,142.00325790363107,135.43034915112665,138.64588292786365,19613
2015-12-24,149.33274841308594,153.21029878430258,136.65980354525755,136.65980354525755,304546
2015-12-28,153.63587951660156,158.7901737008776,151.22423304700115,151.6971043378684,271086
2015-12-29,150.2784881591797,155.7165079207047,148.00871177020204,155.1017810243651,69279
2015-12-30,150.08934020996094,154.156036072278,148.48158075673405,151.318808414506,33525
2015-12-31,154.9599151611328,158.88474078312368,153.21028575515498,154.15602825981642,159759
2016-01-01,154.01419067382812,156.898694105781,152.5009967169946,155.57466021671695,32538
2016-01-04,149.47462463378906,155.76380731206132,148.10330071494255,153.96690209852272,35108
2016-01-05,150.4676513671875,153.16300908166164,147.5358435750718,147.5358435750718,16009
2016-01-06,141.2466583251953,153.39944166735987,139.96990008584154,150.3730683354649,88530
2016-01-07,130.41786193847656,144.6985769380489,129.56669961119408,144.6985769380489,113492
2016-01-08,145.64434814453125,147.81955882767215,131.8365015740591,134.29543789950284,94262
2016-01-11,139.82803344726562,142.80711652966954,138.55127530858667,142.80711652966954,46160
2016-01-12,137.03807067871094,144.08386324177866,136.1869082743499,137.3217962904593,31416
2016-01-13,133.1605682373047,141.86139774622922,123.18298037630905,137.1326844880216,79233
2016-01-14,130.41786193847656,137.13263827462148,125.59458469907126,130.51244194412251,32284
2016-01-15,128.0062713623047,135.24119674446112,126.72951303327126,135.24119674446112,12736
2016-01-18,120.77133178710938,128.5264185197334,119.63644350955981,126.72951328285387,46337
2016-01-19,123.13568115234375,126.25663455562643,121.0550503604508,123.89227810327387,20369
2016-01-20,120.62947082519531,122.00079470116282,116.32633913366688,121.05505210658016,36557
2016-01-21,119.35270690917969,124.83801658468393,117.27207618561216,120.10930383526407,21135
2016-01-22,121.7170639038086,127.43880924592533,119.82557879440711,119.82557879440711,29142
2016-01-25,125.45271301269531,130.03956903840293,122.09533932040988,124.36511511672715,80995
2016-01-27,125.8783187866211,128.05351475455734,124.55427077256888,125.45272316335347,12092
2016-01-28,122.28451538085938,127.29695381399574,120.10930461581309,123.51398358987565,4534
2016-01-29,132.0729217529297,133.160534182703,120.1565760482766,120.1565760482766,68441
2016-02-01,155.3382110595703,157.18240611291316,141.8613799630779,141.8613799630779,965914
2016-02-02,146.49551391601562,156.04751935817336,144.88775448153285,156.04751935817336,126279
2016-02-03,142.33425903320312,146.25908498834212,140.44277386332666,142.4761146485892,73931
2016-02-04,141.81410217285156,149.52191314036068,141.3885208824597,145.5497826143378,60758
2016-02-05,140.15902709960938,142.286947595345,137.13265416962892,140.96291394812994,37743
2016-02-08,136.1869659423828,142.33429426617093,135.28851315046873,138.31488728523254,18264
2016-02-09,133.3024139404297,139.02415944314458,131.7419444537286,133.3969939709089,26599
2016-02-10,123.65583038330078,138.07840333431673,122.00078102826616,136.2342083677409,61520
2016-02-11,118.50155639648438,127.39153149401672,117.36666089233888,122.00080129951785,43811
2016-02-12,116.46820831298828,121.2442043466371,107.81466165788507,120.53489736204575,35183
2016-02-15,131.3636016845703,132.40392400265847,121.00772622911032,121.00772622911032,46555
2016-02-16,124.27057647705078,130.55977365885983,121.14963732599935,130.55977365885983,22718
2016-02-17,121.7170639038086,123.04111213892132,118.31239214997453,123.04111213892132,11370
2016-02-18,126.49308013916016,129.56674376870984,121.71707684399003,121.71707684399003,22801
2016-02-19,125.50003814697266,127.43881333245636,120.62946960643565,124.83802122363073,16048
2016-02-22,125.40544891357422,127.29693372716729,123.37209408043132,123.8922552903462,11421
2016-02-23,123.1829605102539,126.44576924603751,121.19689548974982,123.89226738459318,82930
2016-02-24,121.76435852050781,123.18297240618362,121.0550515776699,123.18297240618362,7501
2016-02-25,121.5279312133789,122.85196515852368,118.69070324730781,121.05505988570039,7645
2016-02-26,121.14962768554688,125.21630914807228,120.15659511155657,121.5752089512895,6026
2016-02-29,120.9131851196289,122.89924305692125,119.16356282285811,120.10930538494428,5089
2016-03-01,124.17601013183594,125.12175276127736,120.20388675891579,120.25117677656532,37011
2016-03-02,125.5473403930664,128.81014974309278,124.3651620466157,126.72951873951713,20581
2016-03-03,126.30390930175781,128.52639543975718,125.3108768256418,126.77678053506212,15038
2016-03-04,128.76284790039062,130.22875180157166,124.36515062773417,124.88531193859023,15236
2016-03-08,128.2899627685547,134.67372456472967,127.86438153498672,128.6209784118215,15968
2016-03-09,129.28302001953125,132.30939367540392,126.82409773764817,126.82409773764817,15365
2016-03-10,127.29695892333984,133.8225770495126,125.07445805510984,132.30938312677475,19999
2016-03-11,127.5806655883789,130.03960201705593,126.72950305662177,128.62098817686984,18988
2016-03-14,126.25662994384766,129.89774451982615,125.12174177434983,129.51943884273618,8108
2016-03-15,129.70858764648438,133.91715362585504,126.91864995238039,126.91864995238039,20399
2016-03-16,129.8977508544922,132.26210733578338,127.6752499897238,129.56673517475673,19202
2016-03-17,133.91714477539062,142.8071185696222,127.86438407152438,129.56672347045193,148903
2016-03-18,148.00872802734375,153.0211670703579,133.91716800029047,133.91716800029047,581267
2016-03-21,150.5149383544922,156.80413569316013,146.5901120933794,151.03509970293655,296856
2016-03-22,147.72499084472656,154.06146336185944,146.02265128303304,150.51492862120074,120916
2016-03-23,150.75135803222656,154.43976266841113,148.0560003993966,149.4273242228595,47353
2016-03-28,161.5801239013672,170.89567955990162,152.40640942513087,155.00720149334734,696734
2016-03-29,169.57164001464844,173.5437557895955,161.81655408624968,165.03207294432926,401268
2016-03-30,169.9026641845703,174.77324757329043,168.34219455793337,170.3282599290057,98186
2016-03-31,168.43675231933594,172.03056243031799,161.43824885761705,170.1863673616012,59750
2016-04-01,167.68014526367188,170.04450147316842,164.55919218095943,166.11966150687311,28424
2016-04-04,166.0251007080078,172.12513701836053,165.50493944073128,168.34216697400097,26434
2016-04-05,179.54922485351562,185.74382687204962,165.97781379375198,165.97781379375198,502441
2016-04-06,182.38644409179688,187.82446338314662,180.2585234995296,184.13605903135226,217078
2016-04-07,174.9150848388672,183.47405795435859,172.69259846547763,180.8259758812112,79344
2016-04-08,176.9011688232422,180.6368494732924,172.12516546669747,172.172455486245,52063
2016-04-11,176.94845581054688,179.2182324010548,174.01664781949384,179.2182324010548,40445
2016-04-12,187.06790161132812,191.04001790940552,175.90813530271993,178.27249196001458,293192
2016-04-13,182.3391571044922,188.58104895343442,181.06239895560938,187.2570152242033,58318
2016-04-18,182.19729614257812,185.270959424299,176.00269399643406,182.52831180681017,28791
2016-04-20,176.19183349609375,182.52830546276925,172.78715466847544,182.52830546276925,47632
2016-04-21,176.09725952148438,180.54224661015147,173.0708862545761,176.38098517201334,25658
2016-04-22,190.2834014892578,194.7283886655286,174.96237479848654,175.90811736496482,334863
2016-04-25,192.7423553466797,197.37648856871357,191.04001568705317,192.93150099088538,118776
2016-04-26,190.42527770996094,193.87723241723006,188.43921248357606,190.61442334321504,31466
2016-04-27,193.7353973388672,198.60596645822548,190.18886222354172,190.23613781370207,115069
2016-04-28,192.93150329589844,195.67415124686735,190.80358230366426,193.87724595911362,37543
2016-04-29,191.60743713378906,194.82295587589138,188.7229196096437,191.03998585888377,28747
2016-05-02,204.0439453125,205.88814030979626,186.54770898211183,190.14153338480105,185188
2016-05-03,199.7880859375,205.1788148375658,198.6059079142012,203.33462000739647,47818
2016-05-04,194.87025451660156,199.07880596071016,193.87722195698612,199.07880596071016,18667
2016-05-05,196.95089721679688,198.4168011386815,189.2903763546171,193.97181378755303,13696
2016-05-06,192.78964233398438,203.3346669646815,191.0400126830961,203.3346669646815,15327
2016-05-09,189.85781860351562,198.32221161522864,187.58804223565375,192.93148191839197,34143
2016-05-10,194.53924560546875,198.32221592130045,185.55469110536842,189.85782272580428,38937
2016-05-11,191.93844604492188,198.51135382674732,189.14850843173105,192.1275916671764,27894
2016-05-12,193.30978393554688,195.57957486070805,191.04000744127268,193.1206382995052,15154
2016-05-13,188.53379821777344,198.32222573586554,184.51439205828996,192.03304304691102,45955
2016-05-16,192.0330352783203,193.87723043777055,187.3516123563661,190.377985750193,42398
2016-05-17,187.58807373046875,193.87725702754335,185.6492982740156,193.4043856689396,18781
2016-05-18,202.3416290283203,207.21221214050837,186.35858465178515,188.77023119948146,126607
2016-05-19,198.46408081054688,209.6711214215057,196.38343564618572,203.33464919328745,114735
2016-05-20,206.31373596191406,208.96181804523073,198.60593978545228,201.44316749667303,166151
2016-05-23,217.851806640625,224.89758589670348,213.26494940653347,217.52079096896983,438603
2016-05-24,216.1494598388672,219.8851399759371,211.84632840692436,218.46652616964073,91686
2016-05-25,221.9185028076172,223.57355241347676,212.1773652435535,216.14948141143904,126236
2016-05-26,214.35255432128906,226.78907815842877,212.88666483734136,220.35802559814252,132049
2016-05-27,209.1509552001953,216.57503984948616,207.4959057690311,214.35253912671135,62254
2016-05-30,207.54319763183594,214.210685428708,206.3137294429774,209.48197272608752,69331
2016-05-31,203.66567993164062,208.86726436570643,201.44317899200308,208.86726436570643,35493
2016-06-01,207.2122039794922,212.31920811274483,204.0912505954438,207.11762394962633,51969
2016-06-02,208.8672637939453,209.95486203664512,205.41529456589157,207.9215211721586,13481
2016-06-03,210.28587341308594,214.68357074183035,204.56412778246772,214.68357074183035,63286
2016-06-06,211.75177001953125,213.59597970088328,209.52928348775131,211.7990600374175,26952
2016-06-07,232.9836883544922,235.48990039761424,210.90059352878706,210.94788354355822,234344
2016-06-08,227.1673583984375,234.44957317209182,224.5665663770691,233.07824935609298,90382
2016-06-09,224.519287109375,228.11311186981763,221.54020369648353,226.97822363780597,25047
2016-06-10,220.02700805664062,229.38986836747034,217.899087226573,224.09370408472503,115552
2016-06-13,224.7084503173828,225.93790416791114,217.80452636563845,222.15493372102515,90998
2016-06-14,229.1061248779297,234.54414435387642,225.03942916626198,226.88362418931897,119549
2016-06-15,229.15342712402344,233.83484994968,226.03247376329028,231.7069291715737,45228
2016-06-16,229.43716430664062,231.61236077771355,225.1813225366312,231.61236077771355,68015
2016-06-17,236.0100555419922,243.52870590612042,227.261936980316,228.77511639731756,141207
2016-06-20,241.40078735351562,242.77212560405255,234.35500819940415,234.5441538243756,83992
2016-06-21,244.66358947753906,246.83878562222236,239.27284583303546,242.11007325398054,62865
2016-06-22,246.08221435546875,249.6760243737153,244.0015692743127,246.6023611948722,44016
2016-06-23,243.33953857421875,247.78453995786606,236.71935537264227,245.9876349442663,48893
2016-06-24,231.5650634765625,239.27285929820167,223.19523634140552,239.27285929820167,105090
2016-06-27,236.71937561035156,241.16436294312592,232.98369522740992,233.59842214491022,21805
2016-06-28,240.97520446777344,243.1031107729886,237.3340898803125,237.3340898803125,36452
2016-06-29,249.4395751953125,252.1349469934736,241.1643286248519,241.1643286248519,68821
2016-06-30,262.6327209472656,267.17227369903577,250.43261881105977,250.6690544515014,139393
2016-07-01,253.97921752929688,272.3739265437145,250.6218421322373,262.9164985387244,440648
2016-07-04,257.3838195800781,261.45052970998466,253.506269497803,253.506269497803,76316
2016-07-05,259.3699035644531,261.5924044083719,255.3504975839648,259.7481948255562,42250
2016-07-07,258.2823181152344,261.0249659708339,255.3505101888592,256.39083285457616,32046
2016-07-08,259.51177978515625,261.024973811491,255.39779344729396,259.93737552629824,40362
2016-07-11,262.7272033691406,265.75359031962165,255.8232960194223,262.20705664097903,45210
2016-07-12,262.15985107421875,265.5172256418104,261.0249484492954,261.6869797907961,29033
2016-07-13,260.0319519042969,263.86219807355786,258.329597825467,263.01103546503043,16864
2016-07-14,248.4465789794922,261.92341029257045,236.19920143447712,257.38382874373343,125905
2016-07-15,248.9667510986328,254.21561122950652,245.0892004848556,250.2435094407244,29092
2016-07-18,252.84422302246094,260.69387298205936,249.77056038523315,250.19612712563583,63690
2016-07-19,254.49932861328125,257.24197626433323,250.62177834576585,253.45900602515187,44073
2016-07-20,255.53964233398438,257.14738731278294,252.371399096256,252.371399096256,16928
2016-07-21,254.11045837402344,260.68473858235177,252.49069511418975,257.2070423707069,21084
2016-07-22,254.49160766601562,260.01780828056684,253.44352711442767,260.01780828056684,17494
2016-07-25,254.11045837402344,263.4002103640738,253.1100060981268,256.96884360173124,42678
2016-07-26,257.588134765625,259.5413528901363,254.39626569154908,256.11128506541286,35032
2016-07-27,259.4937438964844,260.1130548784143,256.4447880326781,257.2546696599702,21280
2016-07-28,268.8311462402344,270.5938230863023,257.9692873261139,257.9692873261139,52426
2016-07-29,280.5028991699219,282.5037748918072,267.30667992365636,268.8311580487595,118938
2016-08-01,285.02862548828125,299.17763740382986,279.55005410270155,295.3664573095136,149128
2016-08-02,287.029541015625,289.64972769709544,282.0273664419087,283.9329567557054,36953
2016-08-03,279.07366943359375,289.4591298531345,277.3109927434566,289.4591298531345,30953
2016-08-04,276.64404296875,285.7908810785257,274.2143981943582,285.7908810785257,33192
2016-08-05,277.93035888671875,284.21878366039095,274.8814027539681,278.2161858029763,21989
2016-08-08,291.5076599121094,293.1273940661011,277.6921315575449,277.6921315575449,82615
2016-08-09,285.2192077636719,292.4604560537895,282.1226238106674,292.4604560537895,31200
2016-08-10,284.4093322753906,287.6964869425387,278.78784710109244,284.88572981689043,25449
2016-08-11,285.6479797363281,286.0767491927296,282.8372514369216,282.8372514369216,14816
2016-08-12,279.2642517089844,287.69649422229696,276.31058106154734,285.64796148041376,29851
2016-08-16,276.596435546875,285.7432753027015,275.45309875052294,279.9788759606296,21962
2016-08-17,281.21746826171875,285.8385303172474,272.49939890244246,272.49939890244246,10054
2016-08-18,282.02734375,284.83810086749696,281.07454866976354,281.4556608864585,15357
2016-08-19,282.02734375,284.69515834386283,280.12175358952703,282.0749718732125,12429
2016-08-22,276.8822937011719,284.88576764571803,275.69129968927507,280.16941972780575,24767
2016-08-23,281.74151611328125,283.83764783807135,272.5946775517476,272.5946775517476,21757
2016-08-24,280.3599548339844,285.8385265936969,277.3586561201503,283.5041669957156,15284
2016-08-25,284.2187805175781,292.46048179487894,278.21618272653853,278.21618272653853,36626
2016-08-26,284.0758361816406,287.7917310329809,280.12174256961185,285.1239165440692,19936
2016-08-29,277.97796630859375,289.7449914347428,274.50027006049265,286.7913208530822,20141
2016-08-30,275.929443359375,282.50372317606633,272.59466079237257,279.16894060906384,20854
2016-08-31,274.07147216796875,279.21655928185936,272.5946515690634,276.3105462025958,14530
2016-09-01,271.11785888671875,279.1213617207929,269.64103797736067,273.4522187261573,15365
2016-09-02,270.3556213378906,275.3577958296049,268.25946039627695,269.78393843772324,9310
2016-09-06,270.59381103515625,275.3577865815499,265.0199538304759,269.5933878012133,13243
2016-09-07,273.7856750488281,277.7873969824111,270.59380568050693,270.6414338042287,51459
2016-09-08,273.5951232910156,277.2633904578338,271.78481830961204,271.97538897165475,14609
2016-09-09,275.11956787109375,276.26293355018805,271.54658647017044,271.54658647017044,15755
2016-09-12,265.162841796875,275.26247479996147,253.4434747098856,275.11956136270476,24599
2016-09-14,274.50030517578125,276.31061025515595,259.1602965151808,259.1602965151808,12217
2016-09-15,276.310546875,281.0745218211207,274.4525850152147,274.9289825098268,9843
2016-09-16,284.31402587890625,285.8385037141141,276.50112422358484,278.1685154952505,50559
2016-09-19,304.6086120605469,313.27902440705077,279.4547975842293,279.4547975842293,309972
2016-09-20,300.27337646484375,308.51504844326934,297.27207765012224,305.65666308124895,76063
2016-09-21,298.224853515625,306.8000090480232,296.79566092689197,302.8935434900867,32963
2016-09-22,300.60687255859375,303.9416556139189,299.27296515186384,303.9416556139189,25231
2016-09-23,298.5106506347656,307.5622027941108,288.60158882309196,303.94159356117063,39199
2016-09-26,300.1780700683594,306.7047220022773,297.1767714642942,305.8472122692583,13044
2016-09-27,298.0343017578125,301.1785430984573,295.1282882740494,301.1785430984573,18020
2016-09-28,302.5600891113281,304.79916353558986,296.4145778225679,298.93947916184146,19387
2016-09-29,277.1204833984375,303.9416618497125,267.73544507764643,302.464840954284,51362
2016-09-30,283.4089050292969,287.7441109643513,274.35735186982225,279.9311797643214,15433
2016-10-03,295.36651611328125,297.1768212030912,283.40894781756066,283.40894781756066,15420
2016-10-04,296.8432922363281,302.03603699527963,286.7913158851078,295.31884338690935,19464
2016-10-05,301.6072692871094,308.70560422493253,296.79566579032866,296.79566579032866,30001
2016-10-06,299.0347900390625,306.8000653816127,296.3193178064644,302.08371734199477,26177
2016-10-07,300.8450622558594,304.89444155779887,294.461323254943,298.17724752302854,7673
2016-10-10,297.557861328125,304.8943943223036,295.93812730448496,300.60681690214614,25628
2016-10-13,292.84161376953125,302.70305001384094,290.6025392094026,293.4609248409705,9600
2016-10-14,294.0325927734375,295.3665001846778,290.6025243752475,290.6025243752475,7624
2016-10-17,310.9923400878906,315.37520371932993,295.36650499393437,297.27209534873396,72962
2016-10-18,307.6098937988281,320.09151501637393,304.89442203716004,315.37516779468746,38046
2016-10-19,312.8026428222656,317.2807917540999,307.7528400497726,307.7528400497726,21735
2016-10-20,340.19549560546875,357.20289479481477,317.32841207747424,317.32841207747424,269972
2016-10-21,342.0058288574219,347.7702278526729,336.0032019989701,340.62426426665905,51915
2016-10-24,352.05780029296875,354.582701570333,343.91141356786915,343.95904169353645,74989
2016-10-25,316.3279724121094,347.77021063379493,295.3188521402372,347.77021063379493,183833
2016-10-26,315.0893249511719,324.90310203280103,312.6596802023827,322.5211144812409,58742
2016-10-27,316.4233093261719,320.09157686550054,313.23143941332734,320.09157686550054,28755
2016-10-28,319.90093994140625,325.37951151151225,312.99317578779437,319.56745585652203,27628
2016-11-01,321.5683288574219,333.3829816430062,320.2344216049683,333.3829816430062,43792
2016-11-02,325.8559265136719,333.3830020417165,312.5167950189602,320.23444119915746,58098
2016-11-03,337.4323425292969,362.10972714769025,322.5687347537756,328.14259130422056,279612
2016-11-04,334.573974609375,346.62682612666356,328.7142908914913,340.1478314442389,62207
2016-11-07,329.8576965332031,351.58141458401684,323.95035490126213,351.58141458401684,39626
2016-11-08,322.7593078613281,343.00620171240774,320.13912159824724,329.85764227756385,60440
2016-11-09,312.85028076171875,316.32797710424205,274.40499218681236,291.55530419848816,66078
2016-11-10,321.3778076171875,332.47789489965777,318.5670792383617,320.71086842694154,46481
2016-11-11,304.37042236328125,328.14264391465616,301.6549503698014,324.8078608889442,68179
2016-11-15,268.25946044921875,312.51680640115853,260.2083589500232,312.51680640115853,156478
2016-11-16,282.5036926269531,286.79126974945325,269.30747722341516,275.35773075611957,69122
2016-11-17,280.83636474609375,290.98362707164677,274.45262574023417,290.98362707164677,49716
2016-11-18,279.5500793457031,286.7913279941786,277.35866222438784,286.7913279941786,49440
2016-11-21,268.6405944824219,284.0758579094135,262.1139421249627,277.3110067730471,61728
2016-11-22,277.59686279296875,282.02735426586713,267.6877994044328,268.6405945201958,33530
2016-11-23,287.4582824707031,290.888321439876,276.5011392335175,281.9320536527065,51305
2016-11-24,293.2703552246094,295.223602859419,282.027383330739,285.8385641865598,12927
2016-11-25,297.6531677246094,303.94162086831886,288.2205025475438,288.26813066923205,19500
2016-11-28,300.4638977050781,306.7523502827155,291.6505442883046,291.6505442883046,11869
2016-11-29,296.462158203125,303.89397664351975,294.0801707049848,296.36687288780024,30498
2016-11-30,301.7502136230469,306.80001591886236,290.6024995504752,303.89400255415694,28890
2016-12-01,295.12835693359375,303.894085703344,292.5081697453213,302.988918498411,9882
2016-12-02,287.029541015625,296.1763803372492,283.9329567557054,295.3664986384855,12833
2016-12-05,289.88787841796875,294.7471387278022,283.1706853064608,283.1706853064608,5242
2016-12-06,296.41455078125,300.6068432553064,288.0299367561394,288.0299367561394,15866
2016-12-07,292.50811767578125,302.27426818450033,290.60252733261655,293.60382630770073,12114
2016-12-08,299.0823669433594,303.7987141751648,286.79131634401546,292.50808676947753,10786
2016-12-09,302.75067138671875,309.658436508839,299.08240409267523,299.08240409267523,19374
2016-12-12,298.12957763671875,304.89442858637875,296.31927278238686,303.7510628483804,5267
2016-12-13,310.2301025390625,316.3279856027517,297.7484804242768,297.7484804242768,69560
2016-12-14,312.18328857421875,322.0447230388858,309.6583875373902,310.6111825759668,25396
2016-12-15,326.0940856933594,328.2378744232646,304.65619839430724,304.65619839430724,42548
2016-12-16,320.13916015625,325.76064554597474,316.80437723795575,325.42716143874543,11622
2016-12-19,315.9944763183594,322.5211283047713,312.3262095163324,317.32838358900614,8753
2016-12-20,306.89532470703125,318.1859530895404,306.0378148844231,316.32799090972225,11002
2016-12-21,304.9420166015625,313.8983125248805,302.131288903921,313.8983125248805,7077
2016-12-22,299.5588073730469,305.6090627550715,297.796130424063,297.796130424063,7207
2016-12-23,300.2257385253906,301.98841525641546,295.8905034218431,299.5587703319222,5158
2016-12-26,292.2223205566406,307.1811888298241,290.6025569689628,306.8000765377247,9190
2016-12-27,299.987548828125,303.8940146287629,285.8385355052169,297.2244488003078,13781
2016-12-28,298.32012939453125,306.51417245930946,297.2720490472346,299.98752069527694,8332
2016-12-29,300.27337646484375,304.89443861551,297.27207765012224,297.3673629775895,19353
2016-12-30,305.9901123046875,306.79999388032985,297.8437265824524,300.13042879597486,25720
2017-01-02,317.1854248046875,322.044684738928,299.93983084202665,299.93983084202665,16639
2017-01-03,325.80828857421875,327.5709362070355,311.5639905263874,311.5639905263874,20545
2017-01-04,327.28515625,333.4783251455604,319.7104226623213,319.7104226623213,12799
2017-01-05,324.4743347167969,329.6670792431891,321.09192400275936,321.09192400275936,7049
2017-01-06,316.3756408691406,324.6173427759,315.3752175198936,323.9503744917336,7750
2017-01-09,312.2785949707031,319.0910741409342,311.13522921644096,316.4232594836546,6304
2017-01-10,319.90093994140625,323.8550336070398,311.56398320428843,311.56398320428843,5555
2017-01-11,328.6190490722656,329.6671295770727,314.4224068220636,321.0443448995711,14417
2017-01-12,330.0481872558594,335.383845153242,326.85631814141647,332.52546010932235,10532
2017-01-13,327.4280090332031,335.38385341687206,325.14130675712386,327.0468968333561,9693
2017-01-16,324.52197265625,330.4292840251243,317.28072506753784,328.71426470961126,13423
2017-01-17,325.8559265136719,328.476113057276,320.13915587308117,327.80914485174077,9701
2017-01-18,328.7143249511719,333.47830067510193,322.0447589376698,322.0447589376698,7255
2017-01-19,327.5233154296875,332.4778615775325,321.18723383386566,328.42848240494726,6946
2017-01-20,325.7130432128906,328.71434226161807,324.9031614817732,328.47614346287776,7288
2017-01-23,333.38299560546875,335.1933004579732,323.7597593975261,323.7597593975261,11935
2017-01-24,345.7217102050781,349.9616309827565,332.52549216480014,332.52549216480014,31562
2017-01-25,346.05517578125,351.5337473502618,344.2448419142394,351.5337473502618,9447
2017-01-27,341.0530090332031,351.58138299060494,338.7186494665584,348.722997763039,22777
2017-01-30,326.8563537597656,347.9131316933159,324.23616718397767,341.5770499709013,21037
2017-01-31,332.0967102050781,339.95726953701325,317.2807584890178,328.71429933546887,39461
2017-02-01,329.04779052734375,342.0058095817255,321.5207151230407,342.0058095817255,30265
2017-02-02,338.0517272949219,338.718695569601,327.5233519045017,335.33628422073355,35372
2017-02-03,335.6220397949219,342.0534060649452,330.5722379099982,339.38559168743757,35513
2017-02-06,335.86029052734375,343.0062541555851,333.47830265126333,334.0023283532008,14847
2017-02-07,340.76715087890625,361.68101429060863,336.81305715486405,361.68101429060863,99220
2017-02-08,339.8143615722656,349.58051120278174,338.0993420484378,338.0993420484378,9826
2017-02-09,334.1452941894531,341.9105693915976,330.8581390604276,338.2899301212647,17332
2017-02-10,325.903564453125,337.2418498266931,324.9031411916925,334.4310925462876,18018
2017-02-13,323.2358093261719,351.5814698345097,322.0448151871661,351.5814698345097,16387
2017-02-14,321.8065185546875,327.76148743985937,320.2820407046842,325.18892925066655,8182
2017-02-15,315.9468688964844,324.9031372456267,313.46959575897705,322.0447518739643,13921
2017-02-16,320.9013366699219,323.9502922275676,315.94682023499143,323.9026641095087,8672
2017-02-17,318.3764953613281,324.7602345333047,317.09021608613875,323.95035283581507,8447
2017-02-20,318.6623229980469,328.71429936223785,316.9472744247408,317.09018786993346,13595
2017-02-21,322.0923767089844,328.71431438315494,317.61425711865985,326.7610960299388,63627
2017-02-22,318.6623229980469,326.8087092210075,313.46957823239495,326.8087092210075,7268
2017-02-23,320.5679016113281,322.806946685157,314.46999011707965,315.9944679906418,8038
2017-02-27,316.5185852050781,320.1868235577474,313.94602646816463,320.1868235577474,19035
2017-02-28,315.5657653808594,319.186375320863,314.6129702306478,315.0893678057536,9378
2017-03-01,315.7086486816406,321.5207043581661,312.8026063048791,315.660991482482,21467
2017-03-02,319.2816162109375,320.996635611807,315.3751508234054,315.3751508234054,10423
2017-03-03,321.09197998046875,327.475719403166,315.3752088235465,319.3293030583507,24328
2017-03-06,318.1859436035156,326.80872785339574,317.2807766040256,323.4263167906692,12329
2017-03-07,317.8524475097656,321.09194499700635,316.3279695519469,321.04431687335517,8657
2017-03-08,318.28118896484375,321.23485956649256,316.8043682025187,317.1378523002369,5532
2017-03-09,317.4236755371094,319.9485766872932,315.56574257467145,315.56574257467145,7817
2017-03-10,318.9005126953125,320.6155321428409,315.66098628576333,315.66098628576333,9161
2017-03-14,321.6636657714844,328.71434444564267,319.94861696295806,322.5688037665103,11672
2017-03-15,319.61517333984375,324.80788992647626,318.32889395667684,324.76026179550837,6719
2017-03-16,321.09197998046875,323.8074520954072,319.99627132412564,320.1391847876484,9287
2017-03-17,328.7143249511719,331.0963128131369,322.0447589376698,322.09238706410906,28463
2017-03-20,325.5224304199219,335.3838652270838,320.71082693879845,324.14089501220235,49775
2017-03-21,337.098876953125,350.6285782896665,335.05037341166906,340.1478327429645,210244
2017-03-22,341.29119873046875,343.0062181906229,326.3323048063565,333.4782676853278,30194
2017-03-23,337.4800109863281,346.72210532372304,335.38385029120934,343.00621052510047,15978
2017-03-24,336.67010498046875,341.95810537844164,334.955056606022,341.95810537844164,15455
2017-03-27,348.3894958496094,351.2478809309577,333.47825949064145,341.1006197075704,46757
2017-03-28,361.5381164550781,382.83306392169754,348.72301058291185,351.1049983601176,252990
2017-03-29,367.68359375,380.16521437313895,362.5385064385448,362.5385064385448,52120
2017-03-30,363.72955322265625,374.1150146767439,362.0621616885642,369.4939523240028,19340
2017-03-31,361.06170654296875,371.5900805271041,358.2033213081449,366.7784770126165,14145
2017-04-03,359.9659729003906,363.9677239039561,356.34536319392555,359.203748460187,25722
2017-04-05,373.87677001953125,377.1639245571358,359.203732134987,363.9677073622414,48672
2017-04-06,375.97296142578125,377.2115834551271,364.92053218138886,374.4008552879193,22074
2017-04-07,366.0162353515625,376.2111546499048,363.9677316823627,364.9205267914788,25236
2017-04-10,361.7286376953125,375.4012525832228,357.3934318153154,365.6351032457151,54368
2017-04-11,359.7754211425781,370.5896509091521,358.53677011606874,370.5896509091521,16192
2017-04-12,358.8226013183594,367.6359550315893,354.4397385212459,367.6359550315893,12148
2017-04-13,355.392578125,364.44413172335794,353.48698789376675,360.0612683761216,27780
2017-04-17,356.0595397949219,365.8733176746668,352.772385075639,352.772385075639,22152
2017-04-18,358.203369140625,376.3541061747055,340.1478883654934,362.06217809212177,32949
2017-04-19,363.1578369140625,369.39866209967624,356.1071591765354,360.25182356696627,10530
2017-04-20,364.3964538574219,368.7316594109122,359.5848217341572,368.7316594109122,12771
2017-04-21,370.494384765625,373.1145713211429,361.2999177589349,361.2999177589349,41214
2017-04-24,376.5446472167969,380.6416546472818,373.6386046224763,380.1652570820161,99120
2017-04-25,374.4484558105469,379.2124310753121,373.5909460782886,378.259636022359,22877
2017-04-26,367.3501281738281,377.2115629789253,364.77759892706234,370.3514559105519,25333
2017-04-27,368.3982238769531,377.21157865428216,366.87374588385313,371.3042664118936,58068
2017-04-28,369.065185546875,374.25790136396876,362.5385333363272,370.6372916368759,13827
2017-05-02,369.54156494140625,374.44845362000945,367.8265164099254,371.59006847787197,21212
2017-05-03,371.11370849609375,376.30645366040784,370.1609133523297,374.4484914992679,23324
2017-05-04,376.7828063964844,380.927441517061,371.54243372936776,371.54243372936776,69335
2017-05-05,376.1634826660156,380.16523359784475,374.59137661315344,377.21156306025637,42491
2017-05-08,369.5892028808594,379.11715360775446,368.9698918990108,372.68578686710026,20865
2017-05-09,372.2571105957031,375.11549630569726,369.7321799569392,375.06783909766216,14682
2017-05-10,372.4000244140625,378.92667760672,371.59014264673954,373.97213074062887,25502
2017-05-11,369.3509826660156,378.2596218937746,368.0170754571044,377.3068268764099,41976
2017-05-12,342.81561279296875,357.82213331735545,327.7138360347847,357.48867834507575,138712
2017-05-15,348.4371643066406,351.1526069600717,334.859834731495,343.00622084578333,36115
2017-05-16,351.7720031738281,352.53422771105113,344.38784029609667,345.3882636358271,26854
2017-05-17,358.2986145019531,359.2037815504537,349.7234579132155,353.4393823632695,21049
2017-05-18,346.8650207519531,356.3453429780228,345.38820007896595,356.3453429780228,18162
2017-05-19,358.4891662597656,363.96773823582845,351.2002893591863,356.2024637721132,55199
2017-05-22,352.9153137207031,362.6814638968507,349.6281879368828,361.8715822131848,23599
2017-05-23,351.72430419921875,355.3925711376208,339.9096508132606,347.8654956876393,14848
2017-05-24,331.0963134765625,351.58140913050806,327.7615304631295,351.58140913050806,31675
2017-05-25,346.1027526855469,350.6285285293359,330.6198353252162,339.14736144062636,17518
2017-05-26,337.6705627441406,352.4388861433305,333.2876996618848,352.4388861433305,8866
2017-05-29,342.9109191894531,344.81650921448704,328.7142793183497,342.48217888001824,19954
2017-05-30,334.81219482421875,339.09977280622866,333.4782874896599,336.0984740342215,7834
2017-05-31,338.7186584472656,341.0053608745478,335.1933049423314,335.479160918866,4494
2017-06-01,334.62164306640625,345.91224148052504,334.4310724199831,345.67404271099514,11770
2017-06-02,334.6693115234375,340.38608268113325,333.52594566109764,336.05087618401467,11570
2017-06-05,331.76324462890625,333.47826407046983,328.90485950830225,333.47826407046983,12377
2017-06-06,344.5307312011719,346.81743374010216,329.71474920920633,331.76328203822754,19456
2017-06-07,335.0504150390625,340.7671860475277,334.4311039952123,338.2422846675224,4690
2017-06-08,337.0036315917969,339.05213519940014,333.4782781632715,339.05213519940014,5244
2017-06-09,342.38690185546875,346.81739295557327,333.5258905782628,333.9546599750781,29487
2017-06-12,341.5770568847656,346.817430142412,334.04998111191,334.04998111191,13510
2017-06-13,333.6688232421875,341.1006126695525,332.52545760244084,338.24222764718195,8978
2017-06-14,332.81134033203125,337.8611721653003,329.667127910506,334.145276827952,7546
2017-06-15,327.3804016113281,336.1460990700256,325.855923638555,336.1460990700256,20082
2017-06-16,327.1898193359375,331.5726824480643,324.950745118949,328.7142972545465,48619
2017-06-19,326.9040222167969,329.7624076706127,320.2344561578934,323.95035143245383,23381
2017-06-20,324.95074462890625,330.1434893534318,321.47304846410367,327.80912981811343,12888
2017-06-21,320.8060607910156,327.2850546080635,317.4712785752129,320.3296633316152,60940
2017-06-22,319.37689208984375,323.95029640833974,315.51805493642945,319.281606775501,21064
2017-06-23,312.3262634277344,321.0919911370545,310.61124365186873,319.1864006852025,11688
2017-06-27,316.8043518066406,317.2807493281544,312.51677411301694,314.08888011861285,16811
2017-06-28,313.27899169921875,322.3782016083171,309.6583822453031,316.42323271898437,10296
2017-06-29,321.6636657714844,327.761549244351,310.61123562110004,318.04302656037464,19456
2017-06-30,321.3301696777344,324.569667426172,315.37519989126787,324.569667426172,19064
2017-07-03,319.6627502441406,322.9975330335728,315.851569913361,317.66187475508167,28648
2017-07-04,321.6159973144531,322.47353622721886,316.42328109526596,322.4258790226202,14965
2017-07-05,321.4730529785156,330.5246062047818,317.2807604575394,325.8082880225578,26811
2017-07-06,336.43194580078125,341.1006358390445,321.854163750288,329.6670949729313,50187
2017-07-07,341.2435607910156,364.2059286201376,338.76628770442585,356.3453690096311,312625
2017-07-10,350.96209716796875,355.7737010151935,343.00625189880475,355.7737010151935,17809
2017-07-11,344.3878173828125,355.2973043656081,341.19594782617787,350.96209807920906,41798
2017-07-12,341.7199401855469,347.77019459178985,340.4813182465669,344.9118094307614,29902
2017-07-13,346.67449951171875,348.24660559572516,341.71995341006357,341.71995341006357,25913
2017-07-14,341.9581298828125,349.6757754283749,339.0997447975669,349.6757754283749,23454
2017-07-17,345.7217102050781,352.5341894010775,340.1954811412402,342.05344322969415,31527
2017-07-18,344.4354248046875,346.8650406517635,340.2431322268905,346.8650406517635,20468
2017-07-19,339.09979248046875,343.8637682924366,323.75978455053223,341.3864950548131,20056
2017-07-20,339.962646484375,343.36609607352295,338.4286862475454,342.8867353281299,11268
2017-07-21,337.1344299316406,344.181039232684,334.64174802991545,340.10647261224136,22208
2017-07-24,336.03192138671875,343.22233339927334,335.5525605858818,342.7429725984364,26549
2017-07-25,334.0185546875,340.1543662511124,332.7722284781837,340.1543662511124,12875
2017-07-26,329.1290588378906,337.23026671368604,327.1636915879044,337.23026671368604,27899
2017-07-27,319.5418395996094,335.0731384047757,316.3780705967839,335.0731384047757,40483
2017-07-28,318.631103515625,325.96531730337927,300.07983622340504,313.21433277083185,31700
2017-07-31,317.14501953125,330.7588747758923,314.7002917251787,321.1237366486059,26520
2017-08-01,317.0491943359375,322.1304063036561,313.0704769232231,322.1304063036561,15009
2017-08-02,309.6191101074219,316.3780847605266,307.74959153978494,316.3780847605266,22142
2017-08-03,305.4486999511719,311.536587810065,303.9626639537236,307.7496258818943,22205
2017-08-04,307.5099182128906,309.6670415674627,304.48995136806127,305.4965972303851,16221
2017-08-07,315.56317138671875,318.2955334744414,304.8734326652782,308.6603942395781,22836
2017-08-08,315.6590270996094,321.2195996247973,311.58446107022945,321.17167525700575,126402
2017-08-09,307.31817626953125,316.61778686000906,306.7908911285478,316.42603084991003,17351
2017-08-10,290.3487854003906,309.9546207159872,281.8640950548223,307.36609045897256,34629
2017-08-11,293.3687744140625,296.2449388691023,281.8641165939032,291.45133144403593,49059
2017-08-14,299.93603515625,305.6404106792486,292.41006532819836,292.41006532819836,9023
2017-08-16,299.84014892578125,305.5445535501344,296.6284260513435,299.98395129911404,14237
2017-08-17,299.21697998046875,304.8734308650731,297.2036590194109,304.8734308650731,13275
2017-08-18,299.98394775390625,301.94934435908834,295.33414268537535,296.24493980214976,7682
2017-08-21,300.079833984375,301.99727701302913,298.88143209146614,300.079833984375,8673
2017-08-22,298.2103271484375,301.1344454377534,297.299559228442,301.1344454377534,7000
2017-08-23,297.6830139160156,300.70298066938926,295.8134953621925,296.62841445636815,13247
2017-08-24,298.4499816894531,302.1890188260028,297.44333584983275,298.16237695180655,7695
2017-08-28,298.7855529785156,302.95599740191756,297.29954633997244,297.49127308741043,18308
2017-08-29,296.3408203125,299.1211067997724,295.33414518682434,297.3474661803175,8812
2017-08-30,296.3408203125,302.9559927843849,295.47797681753383,298.59382168003145,15413
2017-08-31,310.9133605957031,313.98128099868046,296.8201725605531,296.8201725605531,23405
2017-09-01,325.39007568359375,328.7935546096992,310.43401422816646,310.43401422816646,41161
2017-09-04,327.5950927734375,347.488560529389,322.1782938095102,322.1782938095102,37854
2017-09-05,324.191650390625,333.0598237463557,321.26756168998617,328.93733324088834,15853
2017-09-06,328.2662048339844,329.75224057375203,323.2329174329938,323.28087105819276,12426
2017-09-07,326.8761291503906,330.5671837677772,322.1783700776073,328.84149665465776,18232
2017-09-08,323.18499755859375,332.3407754454901,322.1303981416778,326.1090861957255,13936
2017-09-11,324.191650390625,329.46461833187027,316.61775683568044,329.46461833187027,15737
2017-09-12,331.7176208496094,335.5525066397783,320.11708548277716,321.45928965776494,16893
2017-09-13,325.294189453125,332.4846006192671,322.13042024316564,329.32083140930774,8275
2017-09-14,344.08514404296875,352.7136376318539,319.3501407913082,324.0478703381295,54805
2017-09-15,367.4779357910156,369.1077740288316,335.55252184439234,342.21564790987424,132618
2017-09-18,362.6363830566406,375.770878428986,360.4792598262971,367.1903098762548,53752
2017-09-19,356.35675048828125,360.7668454527579,352.80946966083206,360.7668454527579,16362
2017-09-20,353.91204833984375,358.56185363020296,352.9054024325283,356.1650497957765,8223
2017-09-21,356.6444091796875,359.6643761477824,347.05719387915826,352.8095230594758,12940
2017-09-22,337.94927978515625,356.64434632646277,335.2648716772385,356.64434632646277,11465
2017-09-25,326.0611877441406,341.78421448015536,317.72029899758263,341.7362901083365,16607
2017-09-26,327.35546875,330.61511600710986,320.6923426041106,330.61511600710986,17335
2017-09-27,320.7402648925781,332.4846032225664,314.4606507947889,328.8414732396725,18231
2017-09-28,318.4393310546875,325.4859397250487,314.987927904117,320.74025673578205,11902
2017-09-29,325.24627685546875,332.67636866277866,318.39142381384494,324.7669160937068,25570
2017-10-03,325.24627685546875,332.67636866277866,319.5418720873582,325.24627685546875,7950
2017-10-04,337.3261413574219,341.8800681547866,325.0065651171902,329.800172272311,30646
2017-10-05,359.7602844238281,365.08117766019643,337.3262045844809,337.3262045844809,59681
2017-10-06,361.10247802734375,367.0944879151526,356.1650677313614,361.43803643263317,22131
2017-10-09,373.5178527832031,401.7042552986496,355.8773853710624,358.5617935123985,223584
2017-10-10,371.3607482910156,379.60575836352194,367.04650189634026,373.9013542051977,57016
2017-10-11,368.24493408203125,381.9067154600163,361.9173663290771,371.36077895771206,81175
2017-10-12,384.73492431640625,392.1170915325087,365.36876766829306,365.36876766829306,141334
2017-10-13,401.3687438964844,419.9200104852466,383.48859405045357,383.48859405045357,422220
2017-10-16,396.33544921875,414.2155987543617,389.72027693779796,409.0864623042706,100888
2017-10-17,393.9386291503906,405.9226470075932,390.1996214305147,394.41798986467876,113928
2017-10-18,395.2808837890625,400.7456083331125,394.0345574758594,396.8148441222923,31800
2017-10-19,394.4179992675781,398.78019942630806,392.2129516324271,398.63636780230786,12343
2017-10-23,400.02655029296875,402.1836736917924,391.15837632002695,391.15837632002695,37921
2017-10-24,404.1011047363281,412.15435933501794,396.1916525083929,402.61509814210154,41143
2017-10-25,403.23828125,409.3740931886087,399.7868778914516,404.72428791791566,22312
2017-10-26,405.15570068359375,406.497904895356,392.11708278820896,400.7455760524972,26524
2017-10-27,396.33544921875,412.1064290784164,394.99324501444715,405.1556984319243,20376
2017-10-30,423.65899658203125,426.43928289397536,396.3354356647249,396.3354356647249,100203
2017-10-31,497.4325866699219,508.3620342929721,446.09306619694235,458.26883996613043,1629312
2017-11-01,487.9892883300781,515.1210975694509,475.62178569548524,502.0825073779222,475110
2017-11-02,487.7974548339844,501.41131092554514,481.80544586020875,491.29681148095443,141568
2017-11-03,493.8853454589844,503.32872770584834,476.48452889486975,483.2435029637778,259845
2017-11-06,545.0811157226562,553.853441153297,490.9612734976826,493.74158934884707,674412
2017-11-07,546.3753051757812,555.9625184021279,503.6642234398421,551.2647605149358,240124
2017-11-08,532.2822265625,574.5618243292981,521.1130968825959,552.2236234852107,296946
2017-11-09,540.2396240234375,555.0998088900982,530.6524079804307,542.396747633114,247569
2017-11-10,548.1491088867188,553.4700023944546,532.0905210881135,540.2396551948684,106731
2017-11-13,552.942626953125,573.3154588954811,536.0211690158931,547.6217343136765,290773
2017-11-14,547.0464477539062,560.8041359673463,541.6776309244805,555.6270166194812,110680
2017-11-15,524.6602783203125,548.8679933090524,517.6616239078979,547.9571962895023,93462
2017-11-16,517.4220581054688,533.5285692475328,514.8334980879157,530.077194901277,102516
2017-11-17,587.7921752929688,609.6510740552164,527.3927159583526,538.8015261278463,1329489
2017-11-20,582.5191650390625,597.1396680406945,569.9120123142986,594.4073351483156,183227
2017-11-21,582.854736328125,598.6257164005106,580.0744206257414,581.9439392176396,276268
2017-11-22,576.4791870117188,587.8879954915226,571.6855798379713,585.7787966319312,90552
2017-11-23,621.8746948242188,640.1383268280237,580.0264799319349,581.7042424771926,667597
2017-11-24,611.8560180664062,627.1955606891142,603.6589616805389,624.3193964473566,170605
2017-11-27,611.0411376953125,623.1689883361414,604.9532794463157,614.5404946514872,113872
2017-11-28,606.0078735351562,617.1770030945338,601.1184169945983,613.5817972512646,59035
2017-11-29,595.6057739257812,612.5751573769919,585.8747266074662,609.7469170491701,46292
2017-11-30,591.6749877929688,602.0770924975072,580.9852198303971,595.6057224746439,53683
2017-12-01,573.2675170898438,598.7215605217738,561.8107837722329,594.982523366833,69424
2017-12-04,604.186279296875,632.5644112710628,562.9133319078088,562.9133319078088,267032
2017-12-05,616.2662353515625,646.65772190168,610.7535861285311,612.5272562053749,673519
2017-12-06,590.6681518554688,625.0383445417995,585.9704527354104,618.375220002968,123992
2017-12-07,603.3234252929688,618.4232888440395,591.5311626038473,597.2834915756838,96303
2017-12-08,612.6231079101562,627.9626536481258,604.0904621871215,605.9120566497946,108041
2017-12-11,623.2647705078125,631.7974145352869,615.4991504273963,617.4165932636188,123800
2017-12-12,628.3939208984375,647.1369115978714,614.7800660179778,623.1688778349873,111490
2017-12-13,601.9332275390625,632.7082206087442,593.4485662740624,629.3526955975016,75407
2017-12-14,601.981201171875,617.4165925800927,597.7148791628609,604.0424171091053,53500
2017-12-15,609.5072021484375,617.7521837574499,605.9119964731616,610.7056040401961,36595
2017-12-18,613.6296997070312,636.4952431628923,565.64569913601,613.5817753339769,98435
2017-12-19,621.01171875,630.4551000981568,614.5403500096488,620.2926777788499,25382
2017-12-20,621.25146484375,632.7561216001158,611.8560068625267,625.0384260625291,65570
2017-12-21,629.9280395507812,632.5645240511211,619.3341771707425,624.9906582323069,34863
2017-12-22,636.3992919921875,639.0837003709171,604.7614838844052,629.8799977822115,65530
2017-12-26,628.825439453125,646.1782747607401,626.0930481373634,637.5497814775848,42213
2017-12-27,615.0677490234375,631.4139384275943,605.9119706635474,630.8387289503389,37434
2017-12-28,609.0277709960938,621.1556201451574,607.0624038239239,621.1556201451574,34404
2017-12-29,611.0411376953125,623.0731395903769,606.7268908529853,613.5817731309701,28055
2018-01-01,608.2129516601562,620.1010633198746,604.9532751074897,613.6776174753362,20595
2018-01-02,600.0158081054688,613.581740301227,597.3793240651119,613.581740301227,23832
2018-01-03,601.4537963867188,610.7054805262479,593.6881771049906,600.159546011666,30180
2018-01-04,591.1956176757812,609.7468547075312,585.3953059717306,602.0770829502037,68045
2018-01-05,633.1397705078125,641.1929968696883,580.985291858757,590.5725078960303,274357
2018-01-08,722.58837890625,740.8999354569489,633.1396780446457,638.4126460950864,903860
2018-01-09,691.9093627929688,729.3474280748014,681.2675183484984,723.6430230794522,178951
2018-01-10,680.4525756835938,702.0238091501395,673.5976936423829,697.3740333425259,97195
2018-01-11,699.147705078125,749.7202679068821,673.5019030749164,680.692314851517,389559
2018-01-12,705.283447265625,735.3393408551808,691.2381548325754,700.8253691853157,147883
2018-01-15,711.3234252929688,725.8000964688055,704.7561479393307,705.6190206915717,64711
2018-01-16,685.1503295898438,716.6443068246125,681.650972778996,713.9119740108985,51774
2018-01-17,682.6576538085938,708.4472863747234,652.026489218574,686.1570107997668,97867
2018-01-18,663.0517578125,708.0158190139874,642.3433970743014,689.3207499946608,97036
2018-01-19,664.154296875,674.9399133886683,649.0544337558642,662.4765343062071,54855
2018-01-22,671.8240966796875,675.8986630883763,661.7095964742034,664.1543246162734,34262
2018-01-23,682.274169921875,704.6602932466208,671.8240823028157,671.8240823028157,68314
2018-01-24,698.6204223632812,704.4686005557671,674.6044586485081,685.5338494777684,94083
2018-01-25,716.2608032226562,722.2048881758321,699.9625378596633,707.440612309374,208166
2018-01-29,691.1903076171875,728.6283721404718,683.5684596528374,726.6630046819209,84333
2018-01-30,653.7042846679688,694.1144225940636,649.0545084201395,694.1144225940636,115025
2018-01-31,629.5445556640625,656.1970041707195,624.3195112938887,646.1783518491426,57021
2018-02-01,651.5950927734375,656.7242294070453,629.1130618300092,629.1130618300092,74249
2018-02-02,596.8519897460938,650.4924632291486,586.8333395156938,638.5084458520456,123273
2018-02-05,598.4818115234375,608.7880661872372,556.1542398932698,556.1542398932698,62629
2018-02-06,562.1942749023438,578.6363124620112,527.2967911371628,546.4712199057868,93139
2018-02-07,586.9771728515625,612.7188188467721,562.7694576788358,575.3286845205803,56734
2018-02-08,614.6363525390625,622.1144273228958,592.3940597448177,592.3940597448177,64009
2018-02-09,618.039794921875,627.9625383428395,580.2182227032745,585.7308709406352,56446
2018-02-12,645.2674560546875,660.5590747866354,629.9758373227396,637.5497601351416,80022
2018-02-14,642.2954711914062,669.1875971681583,635.0091527890283,649.0544459639586,56832
2018-02-15,627.1956176757812,659.0251832130602,623.1689756683195,650.6842944509717,30414
2018-02-16,623.312744140625,642.3433406014124,614.8759489738886,626.0450767354064,27813
2018-02-19,606.8706665039062,634.7215124025623,599.2008950473008,628.921259441647,24902
2018-02-20,630.9346313476562,644.3088087305108,604.090427832825,606.8228193714451,54922
2018-02-21,627.7228393554688,643.925254491585,621.2993942446418,638.4126064178255,26550
2018-02-22,625.517822265625,631.7015873263093,614.6842815749352,623.1689430080672,13283
2018-02-23,637.88525390625,650.0131029050846,627.4831502232711,641.8160467176093,62334
2018-02-26,636.1595458984375,650.684197889852,633.9065741116475,641.8639496861687,32228
2018-02-27,633.8587646484375,642.3434268051736,628.2502085736179,640.4259837400836,23293
2018-02-28,615.834716796875,624.607041709908,595.8453974254917,624.1276809718344,26347
2018-03-01,604.761474609375,628.1063768584823,600.0637746475737,615.7388468361041,51648
2018-03-05,601.5498046875,613.3899915662673,597.3314067667009,604.7614982411271,23659
2018-03-06,591.0037841796875,608.8359777708315,587.6961838399266,606.8706107188801,25742
2018-03-07,568.4738159179688,589.9491382828893,560.8519697540672,583.1422403468571,44422
2018-03-08,570.9666137695312,580.0744685961461,548.4845814680592,569.5285314284869,57320
2018-03-09,552.6070556640625,582.3753443627312,549.3473793957435,571.5897282751184,33316
2018-03-12,549.011962890625,563.7283164529628,544.2183547575216,558.9347083198594,31048
2018-03-13,556.96923828125,570.439262955459,545.0810688906828,551.2169095791782,55774
2018-03-14,583.3820190429688,588.6070627983454,556.9692540417013,556.9692540417013,158396
2018-03-15,603.083740234375,608.692296047778,584.8201075938099,587.0251553127417,76139
2018-03-16,575.5204467773438,600.2554472827583,568.37796061863,596.8040736366858,44115
2018-03-19,558.8865966796875,582.3273442995907,556.1542058499059,575.2327832334298,41417
2018-03-20,558.6950073242188,580.0265627304202,548.8681110134968,548.8681110134968,41746
2018-03-21,559.0304565429688,584.5804067039235,557.0171648954154,562.0983768995802,32784
2018-03-22,549.6829223632812,565.8853383456645,547.7175550852998,563.5364590797147,30248
2018-03-23,550.2582397460938,555.0518474474871,536.8840625560623,536.8840625560623,42750
2018-03-26,550.9293823242188,565.6457352502892,536.8840876951898,541.9173760173322,31812
2018-03-27,548.0053100585938,564.6870913415285,546.327547053759,552.2716334026052,29508
2018-03-28,537.890625,549.4432060644774,533.6722859868098,546.4711931571,31449
2018-04-02,565.78955078125,570.4393269306149,540.2395978578177,540.2395978578177,25230
2018-04-03,563.2488403320312,570.2474950704612,552.3193926197291,558.1197040859308,20192
2018-04-04,565.4539184570312,584.8201040991969,561.9546201566866,565.5977500856369,35891
2018-04-05,579.3554077148438,589.61373976843,576.6709991393669,576.7189235126272,29966
2018-04-06,596.8999633789062,605.9119685965971,572.3567171711527,572.3567171711527,37456
2018-04-09,605.72021484375,626.9559188736727,599.2009205315102,602.0291605795618,69059
2018-04-10,624.0317993164062,637.4059163906797,604.8093879209546,611.2807575436207,58658
2018-04-11,629.5924072265625,634.7215437350781,615.2595094063566,624.127683090827,44075
2018-04-12,644.4525756835938,656.5324426464746,623.168947615729,629.5923930866032,57511
2018-04-13,644.6923217773438,660.55915181965,642.3434422629398,647.0412012917477,33188
2018-04-16,646.3221435546875,649.8693664069486,629.8800458911205,629.8800458911205,29582
2018-04-17,647.0411376953125,664.3939727401031,642.439227868091,650.1089995591744,30730
2018-04-18,648.2875366210938,660.5591610003952,643.302172759456,654.3274708022783,28790
2018-04-19,646.5617065429688,657.2034901989887,641.240756199251,650.4924407002391,12154
2018-04-20,649.1023559570312,658.4978146077318,641.336735499426,651.8347472407919,17070
2018-04-23,651.9785766601562,671.1050832355122,638.1250385959364,649.0065632692582,23411
2018-04-24,654.5191040039062,661.4219097081694,647.1369376051207,651.7387885693929,24633
2018-04-25,661.6616821289062,670.1463441963497,638.5564583282994,653.8480783146073,39647
2018-04-26,680.5963745117188,695.0730448675015,657.0117919488557,661.6616260480868,92633
2018-04-27,686.6363525390625,699.8666975847822,681.650989017507,694.1143685635374,54477
2018-04-30,684.1436157226562,698.3806646228148,673.3100748443011,686.6842510175235,29299
2018-05-02,652.21826171875,689.1769659356619,642.6789705498587,682.4179906806634,37483
2018-05-03,642.1036987304688,656.7242010158583,637.7894521544522,656.7242010158583,27787
2018-05-04,635.0092163085938,665.2569290274207,624.0798253853405,641.5764942534565,33005
2018-05-07,633.8107299804688,647.2808132248714,628.154308509982,636.3034408708766,10374
2018-05-08,634.0025024414062,653.3686880228495,624.1276829095744,632.9000078498431,35411
2018-05-09,639.0836791992188,653.3686518536614,608.5963495539438,634.2900720689645,27186
2018-05-10,642.87060546875,647.1369272851047,639.515080660605,639.8506682508448,24439
2018-05-11,633.71484375,646.8014142322107,627.9625153649773,637.5497293400151,22085
2018-05-14,626.9080200195312,650.9719065612371,620.5324985592941,637.5498053950259,35030
2018-05-15,620.5325317382812,652.8893844940433,617.512535408122,627.9626238525674,49366
2018-05-16,609.7467651367188,619.2381296984313,600.3992321806134,619.2381296984313,21783
2018-05-17,611.1370849609375,617.4166996282356,603.9466730863851,609.6030953182667,18123
2018-05-18,607.4458618164062,616.8893028119495,599.4405614512111,609.74681660611,28503
2018-05-21,570.7748413085938,609.7948194077998,568.3301131024019,608.788173501217,29975
2018-05-22,562.5777587890625,580.4579379889406,556.0584643583492,561.8107932999873,19761
2018-05-23,546.9027099609375,577.7735550130179,543.4033529607489,565.6457042196482,32032
2018-05-24,564.1117553710938,570.4392938801159,547.4299778244474,547.4299778244474,13599
2018-05-25,587.5524291992188,592.4898681736181,563.7282240875202,563.7282240875202,23782
2018-05-28,601.8374633789062,604.8574597197123,586.3061622982419,592.4899281053987,14555
2018-05-29,590.620361328125,603.994537796768,586.066434257435,601.8374144474939,7132
2018-05-30,582.7109375,607.5418486725945,576.527171893664,584.8201365809767,12269
2018-05-31,570.7748413085938,595.3181476646881,567.5631475790874,579.0678059759608,18164
2018-06-01,562.76953125,580.0265185796422,556.0105562490337,572.3567464331346,17943
2018-06-04,543.8348388671875,573.5552090829351,536.884107123182,567.515274580944,23171
2018-06-05,500.5964660644531,543.8347832956903,496.61774834229624,543.8347832956903,45388
2018-06-06,538.0824584960938,542.3487810060216,485.9280131366411,502.4180058912936,51516
2018-06-07,573.3154296875,584.7721627698495,543.0677795066283,544.266181324537,27468
2018-06-08,571.1583251953125,585.6829791122307,558.9346262507212,573.3154485384756,15055
2018-06-11,588.4631958007812,594.4072803069936,565.6456377114939,571.1582858756313,16735
2018-06-12,593.3527221679688,606.6309906955167,586.06640412012,592.4898494663443,18150
2018-06-13,573.5551147460938,596.2289007328143,569.5763972717825,589.709547977454,17329
2018-06-14,584.4366455078125,593.1610469018879,566.0292381813623,573.2196499544197,24418
2018-06-15,576.86279296875,587.6963352431713,568.7615838222046,580.1703941606203,13183
2018-06-18,574.8974609375,582.9027633102235,570.2476258246853,570.4393818578667,21431
2018-06-19,557.0651245117188,570.5351500924903,552.2235925647718,569.480579832421,15388
2018-06-20,566.41259765625,574.2741249259918,560.8520251781389,562.7694679992608,19637
2018-06-21,566.2688598632812,579.9785651860167,560.8520601495679,575.2328822046851,14278
2018-06-22,568.04248046875,573.3154486418777,560.8041449524179,565.8853571251977,5315
2018-06-25,559.6056518554688,574.4179081026454,557.1129412887964,574.4179081026454,7231
2018-06-26,551.0731201171875,558.9346483146364,548.388711553983,556.0584837435491,19028
2018-06-27,528.303466796875,551.5045386210606,518.9559322439757,546.4712507848841,34227
2018-06-28,507.7388916015625,527.2489095667516,504.3833662946753,527.2489095667516,18060
2018-06-29,528.2555541992188,538.5138861018752,507.7868732821784,507.7868732821784,26771
2018-07-02,503.7602233886719,541.6776469736866,499.4939010146739,528.5910751051154,24590
2018-07-03,516.6069946289062,524.4205973188252,489.9066274770012,503.7601631860975,14222
2018-07-04,513.6350708007812,528.111742810437,510.5192257609258,516.6070842017401,10753
2018-07-05,509.0812072753906,519.6271456558601,503.32887724968,508.4580147829812,5545
2018-07-06,509.2728271484375,513.3953175281544,499.4938570161876,508.02650101257586,9934
2018-07-09,517.1344604492188,522.1677489076455,510.0398971205756,513.1557423567444,18825
2018-07-10,520.9213256835938,523.4619611724951,516.7509103882323,517.7096319288413,17686
2018-07-11,531.7069702148438,553.7575667768452,513.4433356351129,516.2715760277315,22556
2018-07-12,514.59375,542.8760334187238,510.99854448067066,538.7056184225877,19360
2018-07-13,511.6696472167969,523.4619092944636,505.821411289244,514.5937359227167,9975
2018-07-16,482.4286804199219,508.74559783903436,477.2515608072147,508.12240544493744,24144
2018-07-17,472.17034912109375,495.1796656264872,455.3927225025777,483.24357098617077,86646
2018-07-18,484.6336975097656,493.501871005246,472.64967927263,472.64967927263,17005
2018-07-19,479.64837646484375,501.5551988411921,475.5258855313249,484.63374019371923,11209
2018-07-20,477.29949951171875,488.94795976031946,464.97992251716653,479.216942491171,18343
2018-07-23,502.1783142089844,506.5884682554054,476.58046749899194,487.94132322085517,31986
2018-07-24,551.2169799804688,571.8774181710132,514.9293333408218,514.9293333408218,189762
2018-07-25,543.8348388671875,556.6817319796389,532.8574646166134,556.6337490860667,33909
2018-07-26,528.7828369140625,549.0118958759505,524.9000265033455,549.0118958759505,20998
2018-07-27,533.9120483398438,545.5125555525112,528.2555678548922,529.7894989106152,22893
2018-07-30,556.777587890625,563.7283197239561,536.8361896443511,544.1224506426566,81515
2018-07-31,559.5578002929688,566.9878915649157,546.5191534030918,548.3886719424019,31781
2018-08-01,554.2368774414062,570.3434455033158,549.3474211827158,559.6536773392852,25528
2018-08-02,546.3753051757812,560.8519737412824,543.5949899338584,554.236773208821,21348
2018-08-03,551.3606567382812,559.6536202997569,537.8906326980202,553.1343264473729,35846
2018-08-06,547.3820190429688,566.556447884017,544.3620230942184,556.6336458493467,23205
2018-08-07,547.3341064453125,551.6962773973239,541.8693824049434,547.4299551852939,10531
2018-08-08,542.8281860351562,549.3474812649994,538.8015435792839,540.3354747454623,20944
2018-08-09,546.47119140625,550.3540013262577,530.1729278029057,539.7601416872259,24691
2018-08-10,537.890625,553.6136792269444,535.9252578505594,550.354003089548,19844
2018-08-13,522.6948852539062,534.7747507081145,520.2501575448055,527.2967359738091,13502
2018-08-14,530.7481079101562,532.8093821877003,522.838656892525,524.4205705023339,12868
2018-08-16,515.0731201171875,533.8640379008441,512.9159967663012,533.8640379008441,22672
2018-08-17,525.3314819335938,530.173014029453,512.916026231026,522.3114856625813,28148
2018-08-20,527.643310546875,534.1455329954216,520.6112891392369,529.4735892724904,17906
2018-08-21,534.0974731445312,538.9620879163823,520.9966614679558,534.3382962401149,16395
2018-08-23,528.8956298828125,540.406984720923,527.3543857080824,534.1455847197002,31563
2018-08-24,520.8521118164062,531.2556559676228,515.3613344382197,528.4620850294272,14713
2018-08-27,526.4392700195312,531.7373779520243,520.1778697356759,521.1893149456665,19702
2018-08-28,541.1775512695312,545.1752374548481,521.1410850808151,527.354331587944,73369
2018-08-29,533.8565063476562,545.4160118241352,531.4482760400565,541.3701731484305,42477
2018-08-30,561.9846801757812,580.8651833471326,533.6638666240655,538.3840218142477,93889
2018-08-31,562.5626831054688,576.9639142350013,558.7095140431026,566.3195464591535,44630
2018-09-03,555.819580078125,569.30567040931,550.2806501206741,567.0901101852672,33265
2018-09-04,536.31298828125,564.3929823575451,528.9919903156305,564.3929823575451,21325
2018-09-05,538.8175048828125,541.3702529028119,518.3475442525905,535.5904993131021,27989
2018-09-06,538.0468139648438,544.2600600374833,525.3313459360043,534.6752914690363,19401
2018-09-07,547.2945556640625,553.8449316875644,527.8841918790964,542.7670699966709,28598
2018-09-10,540.0698852539062,547.6317067634549,534.097460861838,542.3817516415231,16690
2018-09-11,515.4577026367188,547.0055264669619,509.5816429373618,535.5905358661118,27136
2018-09-12,519.4553833007812,525.0424669950537,510.54492934522773,520.1778525404208,19719
2018-09-14,520.2259521484375,530.7740137264402,516.2283247084379,521.1410915172489,20699
2018-09-17,521.0448608398438,525.4759821762457,510.5449506020352,515.7949057209395,13721
2018-09-18,514.6869506835938,521.8634884956781,512.4713906408874,517.2878510792417,16594
2018-09-19,512.615966796875,520.1777870349704,510.5448650528413,515.9874894906202,10813
2018-09-21,516.2764892578125,522.1525484206765,484.34332789295786,512.4714731400335,44882
2018-09-24,493.20562744140625,513.3866116513163,480.29751729018244,510.5448877811432,23331
2018-09-25,481.2608337402344,493.35016961253535,476.92601843724515,493.2056522512242,20537
2018-09-26,488.34100341796875,498.16659583559544,484.5359873843423,495.0358961159153,13464
2018-09-27,471.5315856933594,495.1322472857747,464.3068933691506,488.4373539730686,25685
2018-09-28,451.78411865234375,486.46264375145756,439.9837871950064,470.08667356576495,28777
2018-10-01,446.6785888671875,451.78402558501017,419.0320919605105,443.114396096172,15943
2018-10-03,463.6325378417969,480.24932878427074,439.9837253898521,446.00430181828466,23409
2018-10-04,443.6924133300781,469.89394472045143,433.52966252058064,469.89394472045143,23260
2018-10-05,430.6398010253906,456.64869252561857,423.8486022259367,428.9540395392648,20071
2018-10-08,425.775146484375,444.8001671700456,411.37391653552453,420.0435462150706,19548
2018-10-09,430.78424072265625,457.56374945833346,419.03206529342117,430.10992449083346,15957
2018-10-10,457.7082824707031,462.23576756489484,434.44478174455986,443.1144115354713,24914
2018-10-11,441.3323974609375,452.6510829116628,425.7752314230277,443.1144942411601,12081
2018-10-12,453.8070068359375,463.3435946934007,441.52503005352406,441.5731829094179,13288
2018-10-15,455.5409240722656,461.41701299826855,449.42401207058515,457.563843787427,12413
2018-10-16,479.5750732421875,495.13223787172245,456.6005462085534,456.79321642580834,21240
2018-10-17,488.1483459472656,499.3225124895529,479.47871572817263,493.1574773883468,21438
2018-10-19,470.80908203125,488.1483423413523,456.7450094558089,488.1483423413523,20338
2018-10-22,421.8256530761719,476.829644172282,394.9498062841123,467.1967220677914,34150
2018-10-23,416.72021484375,425.7751557147762,409.3991881872848,425.7751557147762,18696
2018-10-24,430.78424072265625,435.40803106350893,419.3210411657212,430.5915705428949,25054
2018-10-25,420.3807067871094,424.81185675059817,412.14457030292346,424.81185675059817,8869
2018-10-26,418.5023498535156,428.135272815757,415.6124729648432,420.95873344994806,7521
2018-10-29,437.1902160644531,452.41022263959513,412.04828116476085,417.3463888127005,30156
2018-10-30,435.9861145019531,444.896568555771,425.96788014794123,437.19022991463123,12161
2018-10-31,437.2865295410156,455.2037419097925,433.4815133867929,442.6327897805141,17750
2018-11-01,415.7569274902344,434.5892786077801,413.58951999805595,430.59162177945336,98676
2018-11-02,424.1375732421875,441.18785812063555,417.105551454662,417.105551454662,70994
2018-11-05,418.9839782714844,436.2750566185924,417.2982168244285,428.66505367992374,30359
2018-11-06,421.7293395996094,426.73847110972315,418.59863975512496,422.3555030863837,11977
2018-11-07,429.531982421875,433.19251038893196,423.65589417273077,423.65589417273077,7127
2018-11-09,428.9058532714844,436.3713678427455,421.92198480159493,436.3713678427455,59819
2018-11-12,447.1120910644531,459.5385551851489,429.14669651732726,433.38517652938714,54571
2018-11-13,452.98822021484375,457.27488286151555,444.4149243188492,449.76118501539577,14235
2018-11-14,462.3321533203125,471.9168941120227,445.0410446949775,451.9285787929301,24612
2018-11-15,454.240478515625,466.2334795735111,450.86895541953555,461.3206828968825,10068
2018-11-16,471.6760559082031,497.05881319807827,448.2198831656073,448.2198831656073,102044
2018-11-19,478.08197021484375,495.6139023282521,473.93982496695827,473.93982496695827,65451
2018-11-20,463.58441162109375,479.57506941310385,462.38029626623376,476.34803438260957,17711
2018-11-21,461.8504638671875,466.90774799184766,452.74734068386107,460.5018312494018,14368
2018-11-22,451.9767150878906,468.6898113542373,445.5226455448435,464.3068435732207,19843
2018-11-26,444.4149169921875,456.50422382968156,442.19932702136424,444.0777588012634,7937
2018-11-27,448.1717224121094,451.7840683745928,438.2979767813213,442.15114580797035,10026
2018-11-28,440.2245788574219,452.45840276403993,438.6833053058038,452.45840276403993,11341
2018-11-29,441.0915222167969,449.85748770682756,438.2979805280654,438.2979805280654,12169
2018-11-30,444.1258544921875,446.87124312583865,435.35991904056925,443.114409446953,11353
2018-12-03,437.0939025878906,445.95620394200085,433.5297091439366,438.4425059946423,6908
2018-12-04,441.1878662109375,447.786424237885,437.3346970737241,437.3346970737241,8673
2018-12-05,435.84161376953125,444.7520675624321,428.71322721733213,437.6718632637386,8268
2018-12-06,426.9792785644531,435.40808552991047,425.4861873752247,429.62833218216826,8857
2018-12-07,426.40130615234375,431.3141024788078,423.84858758386474,429.6283410509174,7598
2018-12-10,414.7454833984375,425.2935457251928,414.1193492898631,422.01835782104814,9177
2018-12-11,421.633056640625,426.4976710563544,406.4612027295294,406.50935558618085,12043
2018-12-12,430.8805847167969,439.02041547913285,423.70407554155685,423.84856349055065,13726
2018-12-13,430.3990173339844,443.8369575975043,428.6651028342689,430.59168756610836,15008
2018-12-14,431.8439025878906,436.3232350544913,429.09854320171144,429.09854320171144,7505
2018-12-17,431.6030578613281,444.0295507422248,428.9540043149477,436.0342078547425,10037
2018-12-18,440.4654235839844,442.151185183267,429.0022505883325,429.0022505883325,7802
2018-12-19,445.1855163574219,457.5638278968373,437.86448923160305,437.86448923160305,15067
2018-12-20,440.9470520019531,448.89421350717674,433.48153664856125,445.2337145121948,10414
2018-12-21,435.4562683105469,444.51123936222257,429.9655198912272,444.2704162895152,9736
2018-12-24,434.5411071777344,438.68325178231373,431.55489554782304,434.0112788416687,3654
2018-12-26,431.1214294433594,436.32323104746666,424.13756071647595,434.5411345273444,10133
2018-12-27,431.410400390625,438.2979334656159,428.2797008658706,432.8071563863399,8085
2018-12-28,434.39666748046875,442.5364696465772,431.554943482083,431.8439194085114,16723
2018-12-31,440.6580505371094,445.23368871438845,433.4815115317015,433.4815115317015,11621
2019-01-01,441.23602294921875,448.70153821826847,435.84160962752554,443.8369238986655,8393
2019-01-02,437.6718444824219,444.99287154244024,434.5411446354766,444.99287154244024,6094
2019-01-03,436.2268981933594,441.2360002193708,434.4448016640487,437.09385533273195,5210
2019-01-04,435.4080810546875,439.79104887273786,433.48149662524196,436.51586122214957,9189
2019-01-07,431.45855712890625,442.1511060969952,424.2820480997253,436.0823771840133,17346
2019-01-08,433.3370361328125,440.0800820631746,430.06184827467746,430.5916472674099,17316
2019-01-09,431.3140869140625,438.2979554347257,427.70174112751255,433.3370064339995,117656
2019-01-10,431.3140869140625,446.72676227000886,429.62832554700583,433.48149438599245,10954
2019-01-11,426.4494934082031,434.4448073725283,424.2820858326196,434.20398430857455,7070
2019-01-14,424.0893859863281,434.39662416219664,422.4036246564563,427.74988454368344,9144
2019-01-15,427.50909423828125,432.4700729068701,423.8485954005787,429.19485569726083,10734
2019-01-16,467.2449035644531,489.3524729085313,426.1123412949986,428.7132127842538,222292
2019-01-17,464.5958251953125,478.75623256533817,463.343557070277,467.19672594404227,51295
2019-01-18,458.6234436035156,468.3045189042844,455.15558564295713,468.3045189042844,9699
2019-01-21,482.0314636230469,490.31578332690026,457.708332917734,460.45372186691225,126117
2019-01-22,481.1163330078125,490.26760951569975,471.4834103679311,487.425885577996,22294
2019-01-23,474.3733215332031,485.4511833717736,472.0132435564811,482.65761208590703,8159
2019-01-24,462.23583984375,478.75629776023175,458.52715841825017,474.5178173013817,11498
2019-01-25,443.4516296386719,469.12336433307576,435.02282175794414,462.4284708860153,24284
2019-01-28,437.52734375,452.45837335339377,420.5733945789353,444.07771917190536,19559
2019-01-29,407.9060974121094,423.8004188509506,404.5827275341408,423.8004188509506,52079
2019-01-30,409.4473876953125,418.93582289986017,405.64240068051777,408.4840953780457,14254
2019-01-31,404.438232421875,437.1901669281077,399.7662594143111,437.1901669281077,15996
2019-02-01,387.6769714355469,404.63089124058797,386.3765210398311,403.6194461535568,70430
2019-02-04,382.28253173828125,391.14480271748994,371.39731177606205,385.5577194783659,24555
2019-02-05,377.3216247558594,384.8352933170012,375.5876808897385,382.4752153036768,46017
2019-02-06,376.35833740234375,381.89726848104755,374.335417563695,377.7550936881287,13900
2019-02-07,394.6126708984375,397.8397058690969,375.6839837504789,376.64727601650577,19120
2019-02-08,385.5577697753906,396.68378485194285,384.35365431700404,396.68378485194285,4668
2019-02-11,374.4798889160156,385.2687746450113,372.7941273581943,380.5004659082345,12272
2019-02-12,375.0096740722656,377.610574995716,371.34917515522574,371.4455102630105,15474
2019-02-14,375.7803039550781,380.4522771395119,374.7206766249984,377.27339514927286,15432
2019-02-15,373.0349426269531,377.0325997866103,371.34918110442976,375.6358435920712,15426
2019-02-18,358.24835205078125,374.43167814099786,356.61077300061163,374.43167814099786,47673
2019-02-19,358.82635498046875,369.3262343876764,352.66129059987077,352.66129059987077,49456
2019-02-20,362.58319091796875,370.6748398023106,360.3194482891,363.06483703486225,12702
2019-02-21,375.5876159667969,377.6105354289207,362.8239945524264,366.0991820924941,10215
2019-02-22,383.5348205566406,390.1333786427844,372.89045247853585,379.1518523826793,6363
2019-02-25,400.681396484375,403.95658403696876,383.53477793693406,383.5829601846358,18957
2019-02-26,404.48638916015625,408.8693863113765,386.2801724479393,395.8649416030294,17003
2019-02-27,395.52777099609375,411.08493366663345,393.0232054738991,408.2432100053723,14189
2019-02-28,390.4705810546875,400.39248103697,386.37658834593043,395.913177246859,4464
2019-03-01,404.7754211425781,408.4359199872991,387.24349017663735,387.24349017663735,9375
2019-03-05,411.1813049316406,416.47941233421045,401.74102319410815,401.74102319410815,19799
2019-03-06,414.3120422363281,417.10558414908076,407.85797178501235,413.3005676386656,11966
2019-03-07,415.32342529296875,418.06881393676906,412.33721359966574,416.23856464001716,13286
2019-03-08,455.3482360839844,477.6965975535551,412.7225561043286,414.26380011114065,497309
2019-03-11,454.7702331542969,475.57734962291255,444.70381835570265,459.4422059947546,98410
2019-03-12,478.94891357421875,490.3157502493517,455.7817175595892,459.2014226506201,220901
2019-03-13,482.9465637207031,490.74923663620297,471.098051694249,480.68282110855836,46312
2019-03-14,471.4834289550781,490.31578169952945,467.2449193085593,484.5360278877472,41371
2019-03-15,463.7288818359375,478.7562467689181,462.3802785695789,471.483402062856,18777
2019-03-18,464.6440124511719,477.3594522331986,462.3802698339739,472.97648435100245,54158
2019-03-19,461.5614318847656,484.6804436897153,458.3343972741893,464.78846649534194,32649
2019-03-20,448.8460388183594,465.2220071840856,446.2451379660406,465.2220071840856,26541
2019-03-22,446.0524597167969,465.27015165269444,443.1144301454233,457.5638137371219,23222
2019-03-25,450.5799865722656,472.01324087741347,436.7085829239094,443.11447102777595,32724
2019-03-26,440.1763916015625,459.2014129428292,438.29796001399285,454.1441287888216,17186
2019-03-27,480.5865173339844,485.4993138897189,443.1144531533149,443.1144531533149,147387
2019-03-28,476.49249267578125,490.3157419683058,471.04989749017983,480.586484627383,32312
2019-04-01,476.15533447265625,486.36623792456095,471.57969640953655,478.8043880881466,38899
2019-04-02,501.73077392578125,517.8659200468935,475.86639903459337,479.9122384776324,140471
2019-04-03,482.3204345703125,509.5815931040881,477.79294929986327,505.6321184523491,50741
2019-04-04,470.95355224609375,485.9809164948791,462.6692334194375,485.49927039329845,56846
2019-04-05,472.97650146484375,483.57271636527815,471.001764083247,471.04991693749207,19340
2019-04-08,462.3802795410156,477.31130940119425,456.16703277574464,472.06135488496705,31721
2019-04-09,468.30450439453125,480.68281523547495,457.80462513158216,459.5385393594653,36411
2019-04-10,464.0179138183594,477.31133583234936,462.38030514536365,468.304546925569,19193
2019-04-11,463.2472229003906,476.8296490871919,459.87570012906707,466.61874567171424,17296
2019-04-12,461.754150390625,468.4008611005516,460.4536999610564,466.185300663025,8755
2019-04-15,463.7288818359375,469.6049704222285,462.86192469308884,465.2220024572263,12963
2019-04-16,465.0293273925781,467.9673569563685,460.79084742942206,464.35501106776746,26604
2019-04-18,459.4422607421875,478.8044118853084,458.52712132514176,467.67839790621076,15061
2019-04-22,447.1120910644531,457.0821717114967,446.0043108586364,457.0821717114967,28950
2019-04-23,439.50213623046875,452.651070974661,429.5320544934967,443.1626354143799,47883
2019-04-24,434.6856384277344,448.31621821863047,429.6765068464704,442.1511535475459,18235
2019-04-25,435.1672668457031,451.784057887404,432.61454830427334,435.4080899042785,41053
2019-04-26,432.7108459472656,442.15109726723654,429.6282993054194,438.2979286636005,10852
2019-04-30,420.9587097167969,434.4929539567622,414.55282218753223,434.444801103605,20889
2019-05-02,412.240966796875,425.48623641195064,409.68821858954476,419.1285011172445,18021
2019-05-03,418.21331787109375,420.86237151687067,412.289076506371,416.09409259287986,16882
2019-05-06,425.82330322265625,431.36223334627164,414.2156440268872,417.1055206131213,21299
2019-05-07,414.26385498046875,429.62837941117573,412.28911746184576,426.25685625436154,9963
2019-05-08,402.07818603515625,426.3049806507823,400.24793660883313,414.2638273232,17781
2019-05-09,397.59881591796875,405.0161768775557,394.56445166989846,402.6560994638666,12727
2019-05-10,407.5690002441406,409.39924983451914,396.8764492513456,396.8764492513456,7400
2019-05-13,406.50933837890625,411.32579973410657,395.81678829089213,406.50933837890625,9422
2019-05-14,403.4749755859375,411.3258017539975,399.7662944447517,404.5827558236041,6897
2019-05-15,407.37628173828125,414.2156625103634,404.5827401264015,404.63089297938285,45519
2019-05-16,385.1723937988281,415.99774433882936,379.53712852376515,410.4106319150471,62978
2019-05-17,383.92010498046875,390.1333515981931,378.09219877108836,386.4728528976916,23969
2019-05-20,421.4884948730469,426.16046797263965,392.9750689650135,403.52310102977225,49376
2019-05-21,393.8420104980469,422.8852636114853,386.6173192062789,421.92197143924955,38084
2019-05-22,398.7548522949219,405.73872134646405,394.99798887345565,400.68143686086455,38890
2019-05-23,388.15863037109375,411.277644756729,387.2434909593902,405.4978911603202,29317
2019-05-24,397.2135925292969,401.6928959208874,390.90401021874914,394.9498497063881,30921
2019-05-27,397.88787841796875,417.2019069462144,393.8902211955521,398.94750584251676,116512
2019-05-28,394.0828857421875,417.10556582878723,390.08522857733965,402.70433418730676,93107
2019-05-29,384.49810791015625,401.69288099780516,379.2481826194567,397.2617306277124,81173
2019-05-30,390.18145751953125,394.94976522447087,383.39025990082786,388.1585676057675,75827
2019-05-31,389.748046875,394.46817297990566,385.46138464045566,393.69755094547685,31248
2019-06-03,384.2572937011719,391.96363212344596,379.53716729699863,387.19535286307274,50693
2019-06-04,387.2916564941406,390.6150266798255,385.3169190429845,385.3169190429845,12209
2019-06-06,386.28021240234375,389.651735453237,381.4637509010676,387.2916575586725,19810
2019-06-07,384.1127624511719,387.67695532877894,381.4637089170258,387.6287730806603,20341
2019-06-10,385.1242370605469,390.085215759566,381.51189105486134,387.7251379435793,33016
2019-06-11,378.6701965332031,389.6517225119188,376.6472768903838,389.6517225119188,30160
2019-06-12,382.3306884765625,389.17006933695353,379.58529968221615,381.36739622572844,30761
2019-06-13,375.3467712402344,384.83520456646045,371.8789137050981,384.83520456646045,11704
2019-06-14,371.87896728515625,378.5257074340512,369.9042299000971,378.5257074340512,9694
2019-06-17,362.9685363769531,374.57622653403945,361.2346219505301,374.47989142204955,16109
2019-06-18,358.44110107421875,367.0143973910218,354.44344357003337,367.0143973910218,28699
2019-06-19,357.71856689453125,364.12445419063823,351.74614345310124,361.23457757007765,25855
2019-06-20,358.87451171875,360.2712972236089,353.7209217602999,360.2712972236089,18992
2019-06-21,361.3309020996094,367.01432007430964,354.9250149909046,358.34469046625503,24062
2019-06-24,363.93182373046875,367.014370887942,358.9708742029229,365.08778626385833,8920
2019-06-25,360.36767578125,363.9800221114603,359.4525362853235,363.93183985531437,9334
2019-06-26,356.80340576171875,363.1611398183792,354.68418067439416,359.7896173001714,14987
2019-06-27,363.2574768066406,366.0510181711093,356.8034076220547,356.8034076220547,14406
2019-06-28,364.509765625,367.0143312452503,359.5488166333062,359.5488166333062,5874
2019-07-01,358.4892578125,367.9776937534129,357.4778125598144,367.9776937534129,11240
2019-07-02,363.5946960449219,365.13594023099745,356.6108267613787,356.6108267613787,16204
2019-07-03,360.2231140136719,365.08772764953693,358.3446825478304,362.197851177377,4405
2019-07-04,360.0304870605469,363.16118694802987,358.3447255826714,358.441060689448,5629
2019-07-05,353.8653564453125,364.1244113621589,352.56490623955074,363.11296642286743,25773
2019-07-08,339.5123291015625,357.3813866764475,337.15225158155425,351.60163379219233,16725
2019-07-09,337.0078125,341.5352686106739,333.87711256712385,339.51237832577044,10080
2019-07-10,335.85186767578125,341.0054875621938,334.4069291691618,337.1523182112086,7022
2019-07-11,326.2189025878906,337.1041222510466,320.92079540770317,334.7440445663886,10780
2019-07-12,324.7739562988281,332.335805877243,321.6914389261996,325.5927605406033,11692
2019-07-15,321.8359375,327.51935573475157,319.18688388743954,324.96663722393515,8696
2019-07-16,316.1044006347656,320.3910636476704,308.2535733187734,319.90941743935986,11818
2019-07-17,314.6955261230469,324.41134989745615,310.9063607810955,313.8211079134183,27301
2019-07-18,291.0860900878906,311.9265145713349,286.956864928776,311.8779473119525,45021
2019-07-19,276.02655029296875,298.22721281822254,272.0430567462591,291.47470365670614,33197
2019-07-22,255.52615356445312,276.026546719654,253.68015306192615,273.0146355574575,50758
2019-07-23,265.58203125,280.9330199388123,255.52614837805802,255.52614837805802,131870
2019-07-24,260.3355407714844,268.1567679773527,256.49777806529386,267.1851854846811,32111
2019-07-25,233.76275634765625,266.116441864516,225.5528723302921,259.41252851827016,102266
2019-07-26,249.25946044921875,252.02847630359702,224.43554123352638,233.17978309976766,83118
2019-07-29,236.19171142578125,248.72511973221862,226.86451350575408,242.70131120373844,81152
2019-07-30,220.59779357910156,236.96894862078375,218.60604663362756,233.1797830758694,37471
2019-07-31,227.98182678222656,233.1797990664859,218.60606162483055,220.54922661705126,61875
2019-08-01,218.8489532470703,228.22471823302467,217.44016161850539,222.0065963016895,31060
2019-08-02,212.9222869873047,220.54921511404856,211.31918188240337,211.31918188240337,65750
2019-08-05,211.999267578125,215.39980583156705,205.24677315418126,213.74811878778638,14195
2019-08-06,228.07899475097656,235.17155005544507,209.13313576207756,213.7481526952709,51859
2019-08-07,241.97264099121094,259.4125450832727,227.1560068619229,227.1560068619229,64297
2019-08-08,253.388671875,256.54631459792637,246.24755030440733,251.54267129012663,25423
2019-08-09,259.169677734375,260.3841560742737,254.60322731621596,257.4694080585169,13762
2019-08-13,250.1824951171875,266.89372606864833,248.7251213592233,266.89372606864833,15057
2019-08-14,253.388671875,257.1292699537656,246.5876100661753,250.133894634718,8927
2019-08-16,261.3556823730469,264.85338516758765,252.61144021186686,258.44093498598687,11633
2019-08-19,259.4610595703125,266.69936007361247,258.44090994382844,266.69936007361247,7672
2019-08-20,255.42901611328125,265.2420046323108,254.6517620257779,265.2420046323108,3906
2019-08-21,238.08628845214844,256.35204194629017,235.90022788350527,255.42902673494763,14899
2019-08-22,225.50428771972656,241.43823362658344,223.4639586885883,233.4226785866667,14678
2019-08-23,244.01292419433594,255.81764492567092,215.69130196144857,225.65002198444338,20221
2019-08-26,238.2320098876953,253.58301531224478,226.33012506940028,247.7535207073656,40320
2019-08-27,252.56289672851562,257.4693767652237,234.39429111173672,238.23203923433465,16086
2019-08-28,248.91943359375,256.4977647840506,245.9075220923535,256.4977647840506,15935
2019-08-29,245.42172241210938,255.52617353434988,244.88734912219346,255.52617353434988,17283
2019-08-30,244.49874877929688,250.91119969677666,243.52716620544683,245.32459989713885,8370
2019-09-03,236.92039489746094,247.41347387532946,233.5198561999589,243.8672037351462,7332
2019-09-04,240.27235412597656,242.36125056143945,235.560173092266,235.560173092266,7866
2019-09-05,249.7938690185547,254.6517815640328,240.27235746438302,240.27235746438302,12257
2019-09-06,254.45745849609375,256.4977877377129,249.79387421554637,249.79387421554637,17457
2019-09-09,253.43727111816406,262.2300798443885,252.5628529015224,258.14945161661365,25849
2019-09-11,275.4921875,277.87257632516037,253.5830154575764,253.63158271917445,52906
2019-09-12,287.2483825683594,298.2758507323445,274.18061471573367,277.87261664316134,57429
2019-09-13,300.80194091796875,312.8495577070535,289.96880222557286,289.96880222557286,248564
2019-09-16,294.34088134765625,300.0732112154967,287.5883722340518,297.2556283635419,39196
2019-09-17,281.2245788574219,304.29966424759454,274.9092923295851,296.23551135261073,40262
2019-09-18,280.73876953125,291.42617681410945,275.44363315369554,286.61683167668497,25536
2019-09-19,270.7314453125,281.03022527153416,266.2135928242018,279.81574720208073,16689
2019-09-20,270.68292236328125,288.56003654222485,264.65909829249614,271.7516691694332,69820
2019-09-23,288.7056884765625,302.8422294154002,275.78365512179636,275.78365512179636,124569
2019-09-24,305.90277099609375,310.71208681578537,288.8029122308267,291.2318685994627,118756
2019-09-25,310.1777038574219,321.59379789132856,306.2428067101278,307.02006082676684,79933
2019-09-26,339.130859375,351.42140170614675,311.8779821414676,313.09246026507145,268220
2019-09-27,340.6854248046875,348.5066823422644,332.28124144100065,339.27664785779217,61729
2019-09-30,322.41961669921875,343.94016035039715,310.9063596387771,343.69726475692937,32809
2019-10-01,311.3435974121094,328.34628971093764,306.04846137890877,327.4232745545786,26986
2019-10-03,321.49664306640625,327.37473497697783,292.00910828459047,310.90639975482645,30251
2019-10-04,305.6112365722656,324.5085263914241,302.1621308614757,321.4480477163039,14892
2019-10-07,302.7451171875,310.46918038091474,299.73320546507523,306.0484918038856,21825
2019-10-09,303.18231201171875,311.8779873830029,296.4783985868261,296.4783985868261,19019
2019-10-10,301.5306091308594,308.47741748429553,299.3445486919943,300.31613110926764,8364
2019-10-11,295.5554504394531,304.8340527753439,294.38953941332016,304.00820160269546,11267
2019-10-14,293.4179382324219,301.38492722337486,292.44635565549333,295.55543176180356,13204
2019-10-15,293.46649169921875,308.9632449325461,291.7176550031351,291.7176550031351,23049
2019-10-16,295.263916015625,300.1218285188447,293.4179151944705,295.84687144608034,9044
2019-10-17,297.88720703125,303.08517945150606,291.4747564590811,297.8386101149662,8997
2019-10-18,309.837646484375,314.84129031891695,294.8752822445397,294.92384950833025,25344
2019-10-22,320.9622802734375,329.3664628497108,307.02006566521715,308.4288721304643,25521
2019-10-23,332.3783874511719,334.2243883170399,315.27852909557976,323.92560763068985,23587
2019-10-24,320.6707763671875,339.0822756895512,318.3875813256558,327.08322647935086,16200
2019-10-25,311.4407653808594,324.21709925780124,308.9146745454453,324.21709925780124,13728
2019-10-27,315.52142333984375,321.9824411671571,311.87798889019194,314.4526766378768,6460
2019-10-29,326.3059997558594,334.8559141892061,312.84957573888477,318.53333948905475,25646
2019-10-30,317.75604248046875,331.2610628536551,311.8779802578649,326.45171765309226,23766
2019-10-31,314.744140625,329.3664443626748,310.8578108980068,310.90637815945706,54562
2019-11-01,312.4609069824219,318.1932372345951,310.0319509729975,313.8211164176312,12472
2019-11-04,313.7239685058594,318.1446864623196,308.96322041073125,314.74414787289334,16436
2019-11-05,322.3224792480469,324.45997250786985,312.36375909042073,316.68731287264944,29776
2019-11-06,325.7229919433594,327.42326110339184,317.9017656673465,324.50851397190763,33039
2019-11-07,366.52947998046875,381.54044072251,325.77158426299366,325.96591261351165,230764
2019-11-08,368.9584655761719,378.91718650350765,363.3718660315689,367.2581961495536,68531
2019-11-11,363.1775207519531,373.08767395142564,345.30040897184955,369.0070156574442,44786
2019-11-13,349.67254638671875,364.3434485101291,345.44615645393213,356.57078827524634,24050
2019-11-14,347.5836181640625,354.62759085921124,344.0859154474373,350.6440969222309,16478
2019-11-15,336.0703430175781,353.5102587910141,334.2243424052916,348.6523468374488,20256
2019-11-18,332.0869140625,343.6001735682958,328.39491211776465,336.07040857151276,13010
2019-11-19,327.1318664550781,337.3334835422384,325.480164209399,332.086913891421,14193
2019-11-20,315.3757019042969,327.3261554184128,314.7441791763771,327.3261554184128,26305
2019-11-21,331.0667419433594,362.6917409423741,314.7927348192177,314.7927348192177,80299
2019-11-22,329.51220703125,344.52316888476105,326.54889219366737,333.93292530494256,31803
2019-11-25,329.75506591796875,337.6734566748818,327.4232740506439,331.30960371296607,9251
2019-11-26,333.8843078613281,338.3050258632348,325.14006568433825,331.3096202615054,12162
2019-11-27,342.04559326171875,347.82652076018894,333.15561968073797,336.16753123750107,25809
2019-11-28,356.3764343261719,368.2297521935966,349.8182527237793,357.2508822600991,251371
2019-11-29,354.28753662109375,363.2746743383521,351.71284904297494,363.2746743383521,34348
2019-12-02,340.0538635253906,357.2022881416737,338.5964898245675,357.2022881416737,29160
2019-12-03,340.0538635253906,346.6120451790946,338.88795270459457,340.1995949654042,13927
2019-12-04,326.3545227050781,341.17115432664997,323.6341038412541,341.17115432664997,26801
2019-12-05,325.3829040527344,333.98141327736107,323.14827663857767,324.79994874676436,16188
2019-12-06,319.69921875,331.3582090776756,318.1932776928135,328.39489422952965,18614
2019-12-09,320.9136962890625,328.20056522978007,316.15294784452954,320.18500939499074,17826
2019-12-10,316.881591796875,321.8366679351525,316.2015019114434,318.72759241496306,9160
2019-12-11,317.9503173828125,320.62216878939074,312.16939066117095,312.3637189872398,10309
2019-12-12,320.6707763671875,325.285793013392,311.8779670382405,315.0841772691505,14192
2019-12-13,329.0749816894531,332.28119185599667,321.3994567537918,322.8082631408038,11566
2019-12-16,332.6212463378906,338.01351689125863,326.6460204043455,332.28118656192544,15550
2019-12-17,345.10614013671875,349.47826169427674,333.3013882110345,335.19598607944846,23149
2019-12-18,343.1629638671875,351.7128783311206,340.053887889205,351.7128783311206,10383
2019-12-19,338.59649658203125,344.8146185662378,332.42694186201715,344.8146185662378,7309
2019-12-20,333.30133056640625,339.0336904485121,328.5891796451734,335.2444953670274,10245
2019-12-23,341.4626770019531,347.8265304332619,328.5406121314046,329.657926061666,27301
2019-12-24,336.2646789550781,348.7980861484498,334.27291721889975,348.7980861484498,10068
2019-12-26,351.9071960449219,356.376451858743,335.2931292381002,335.2931292381002,36983
2019-12-27,351.80999755859375,355.599163037946,341.2683224510343,351.9071617299294,15615
2019-12-30,390.9162292480469,404.8584442115768,358.41678239353485,363.760486204269,541440
2019-12-31,387.952880859375,397.1829146205455,383.8722521446434,392.47076321011855,107843
2020-01-01,404.0325622558594,408.06462343833624,387.6613922664194,393.1994240160769,124076
2020-01-02,400.4377136230469,410.9793894722018,396.8914434973863,403.20672962402773,74358
2020-01-03,393.15087890625,401.21503198409295,389.84750411608337,400.2920166874177,27363
2020-01-06,376.9739990234375,387.6614062122463,376.0024165517276,381.4918515868197,44974
2020-01-07,386.0583190917969,389.6045893490697,379.93733144398584,380.8117794296341,25291
2020-01-08,384.94097900390625,388.63298045812104,376.9254237819575,376.97399104437744,31115
2020-01-09,400.4377136230469,405.14989458607124,385.7182449656362,385.7182449656362,73839
2020-01-10,400.92352294921875,412.8740057950792,399.3204177132856,404.08116615498074,54903
2020-01-13,398.0087585449219,404.1783132469087,395.5312350714548,400.9235059962217,21470
2020-01-14,418.3148193359375,423.609955641595,395.6769597133935,398.3488114978302,81112
2020-01-15,415.0600280761719,425.45594234006626,409.0847723808774,409.0847723808774,38604
2020-01-16,439.4953308105469,444.9847657682304,415.83729202795325,418.752039401981,137536
2020-01-17,441.4385070800781,456.6437670089234,439.15528231496467,451.68869041556627,108016
2020-01-20,430.7996520996094,445.859180064111,426.0874712903257,444.8390303524595,37744
2020-01-21,456.6922912597656,461.74453155565055,414.1855616320755,425.4559233034285,96281
2020-01-22,446.247802734375,475.29814140430307,442.16717427747227,462.4246740771154,76882
2020-01-23,447.7537841796875,456.2551307342805,445.373395284264,450.8142630092722,36260
2020-01-24,450.1827392578125,459.4613399007072,448.3853057748004,451.4943815102994,44867
2020-01-27,444.64471435546875,455.6721813917123,441.8756983679023,454.6520316517192,24479
2020-01-28,445.5191345214844,454.55486937929334,442.07002857624695,446.92794097818376,24816
2020-01-29,458.4411926269531,462.76471681152935,449.89124913380607,453.7290117356045,55123
2020-01-30,423.99853515625,463.9305760053091,418.9463246841975,458.7326044592653,105075
2020-01-31,376.2938537597656,415.74010534996324,370.17289646574443,412.92252230430813,184283
2020-02-03,385.8154296875,389.798924001869,369.298526630647,383.67793625529833,22664
2020-02-04,396.4056396484375,415.8858559131805,393.733787910611,396.50280382351804,49803
2020-02-05,407.0444641113281,415.83727309585834,396.50278899179693,396.50278899179693,33540
2020-02-06,409.03619384765625,416.6145247713953,403.20669939852104,407.8702830976924,33915
2020-02-07,400.049072265625,412.8739724169736,398.3973702467711,409.03620989393596,19417
2020-02-10,424.04718017578125,432.1113028030302,396.06558729681205,406.02430759750024,115390
2020-02-11,412.2424011230469,435.9976027013991,410.0077734595887,428.17637622895364,49653
2020-02-12,400.146240234375,417.5861275206829,396.551373288828,412.92254359434304,30936
2020-02-13,391.11053466796875,406.1214965811669,388.6330110824564,398.3488363595178,32403
2020-02-14,409.66778564453125,420.40379085771906,389.167387440718,390.4304625748062,69735
2020-02-17,401.6521911621094,414.5742559318175,400.63204141860217,410.97938889693125,32064
2020-02-18,398.4945373535156,401.3607174513382,384.9895471805932,401.3607174513382,36689
2020-02-19,400.3405456542969,412.82538634728394,374.5450428875488,399.36896318247443,45013
2020-02-20,404.51837158203125,412.9225541061223,398.44598108047063,402.28371408725036,27388
2020-02-24,402.9638366699219,420.015097464533,400.29198482943417,404.1783147792345,44177
2020-02-25,415.3029479980469,432.06274598232324,404.4212122292774,411.95097654105376,159058
2020-02-26,442.26434326171875,456.49802022935035,410.7364808875627,417.2946624274587,357876
2020-02-27,439.00958251953125,463.4448777983254,431.4312208156401,445.8106603907855,139772
2020-02-28,397.2800598144531,432.5970879744396,392.95653568105166,432.5970879744396,104083
2020-03-02,386.8841247558594,411.9509388944912,376.68250952380237,400.5348456586179,51961
2020-03-03,391.3048400878906,403.06099391383395,385.8639723217146,399.41755964858356,41156
2020-03-04,379.0628662109375,399.5146934553734,373.91349136763364,392.7136166772444,43800
2020-03-05,390.4789733886719,398.25163284264033,381.5404328068138,381.9776271108939,71340
2020-03-06,379.98590087890625,387.6613962786658,369.20132978920554,381.10321476267336,34051
2020-03-09,348.11798095703125,378.9171565690644,341.02544091215793,374.2049757432009,70290
2020-03-11,323.58551025390625,361.96301550388284,320.08783729316946,354.57901289757876,52361
2020-03-12,268.35107421875,311.8779544428487,264.270416225716,296.332635841336,95959
2020-03-13,296.6727600097656,308.04025891427546,214.7197597891364,257.4693952222676,84345
2020-03-16,272.7717590332031,295.3610498525156,267.1851602284269,295.3610498525156,75648
2020-03-17,251.73654174804688,284.49072389871117,245.26415128055038,268.7020224344015,119067
2020-03-18,231.78001403808594,263.651603890885,227.75928440961755,251.73653859295385,71470
2020-03-19,214.91256713867188,241.97890676883105,209.1756901813685,225.5527803721627,103374
2020-03-20,235.06524658203125,236.3891494675147,214.96162698969493,231.1425891005998,86106
2020-03-23,211.5783233642578,225.55278968147994,211.5783233642578,225.55278968147994,53038
2020-03-24,220.69851684570312,232.4174529355693,196.13287167558587,215.74615884314449,49889
2020-03-25,228.053466796875,235.2123185781438,213.9809292887388,221.58107697518028,41514
2020-03-26,249.5790557861328,250.85392232513794,225.84698353320715,234.03552117898204,49022
2020-03-27,245.41122436523438,268.7019999043925,240.3117733452,258.89535757211536,49388
2020-03-30,238.6936798095703,248.10806288476883,229.81868004496843,239.28208436317624,37681
2020-03-31,246.73516845703125,256.78697853387223,242.2241062419241,247.32355811742488,36171
2020-04-01,247.17642211914062,253.94301428315492,240.75306842106315,250.06937860436295,12817
2020-04-03,242.46923828125,252.03071481610212,236.63428892709007,245.1660649962083,39172
2020-04-07,265.9561767578125,266.6916750011389,247.17644596662936,249.13777461549967,200799
2020-04-08,278.1654357910156,290.2766464510794,255.36498974376025,271.64402387482767,70594
2020-04-09,304.79046630859375,311.8512615602024,281.69583296593754,281.69583296593754,84339
2020-04-13,309.2034606933594,325.8747548110064,299.05360851079286,310.87060207612456,82177
2020-04-15,312.04742431640625,334.30848825883845,309.3996184631532,309.3996184631532,67870
2020-04-16,345.5370788574219,355.00048355225124,313.4203224034544,313.4693436484147,94220
2020-04-17,348.9203796386719,366.7684835919551,341.2712093315518,355.0005108563843,61981
2020-04-20,343.5757751464844,351.0778517472021,336.90723933556694,351.0778517472021,26356
2020-04-21,327.5909118652344,340.29052708029764,323.8643993321853,340.29052708029764,31708
2020-04-22,386.234619140625,393.0992688602794,320.6772083324261,327.5418580520805,435339
2020-04-23,376.0357360839844,392.1676457886104,372.6524322934781,389.3237253171337,121229
2020-04-24,397.07098388671875,410.7022121793709,362.79678328052694,362.99289819133816,183019
2020-04-27,434.9736328125,446.2022508769977,389.6179095090689,397.16903649491,359890
2020-04-28,441.6911926269531,473.36666732231197,436.493683832753,469.6891762148593,387121
2020-04-29,418.2043151855469,446.1532485695651,416.7823399371142,441.34796941417227,122706
2020-04-30,401.97430419921875,434.1891335308228,399.8168606226466,419.82240703472706,141852
2020-05-04,396.1883850097656,415.06617315688936,373.63310566515025,384.66557925762515,199245
2020-05-05,386.4307556152344,411.33965278827145,383.43974146990877,399.27746393642684,90496
2020-05-06,386.2836608886719,402.0723620675563,380.49774751758986,391.0889099620282,79447
2020-05-07,380.8899841308594,390.9417925723956,378.14413623490213,386.0875225498108,58802
2020-05-08,375.9376525878906,388.0978835082724,373.6330855758731,382.802302454114,51804
2020-05-11,368.9259338378906,380.44873974415316,367.749124667953,377.849955321166,45405
2020-05-12,369.416259765625,376.57509730059996,350.3913480954177,370.7891838223668,69368
2020-05-13,386.33270263671875,390.50052580039255,372.65242404613105,382.45906678418714,85193
2020-05-14,382.5080871582031,388.2449791324372,375.1531051213642,385.3520374877797,58793
2020-05-15,389.7650146484375,401.04265342259913,376.62408987393803,384.42038256272707,172073
2020-05-18,377.7028503417969,391.9715339079608,360.9825359454582,391.7263678321934,57110
2020-05-19,361.8651428222656,383.39073713730045,349.3126511940112,379.61517342858696,54460
2020-05-20,373.82928466796875,399.91493400440135,362.69873764073003,362.7477588901771,143341
2020-05-21,378.634521484375,395.894220484069,369.7594909268255,373.82927202842365,129027
2020-05-22,374.8099060058594,390.0102025980633,371.47562345653785,383.53781225717336,86077
2020-05-26,380.35064697265625,387.0682032759645,371.6717621094039,375.10408708930606,68003
2020-05-27,397.5613098144531,420.4108064540782,376.5260780819818,380.54677785675483,996762
2020-05-28,400.6504211425781,411.7809678595413,397.61038550153694,399.13040332205753,181339
2020-05-29,395.5509338378906,407.2208325045379,392.2657025931732,402.95493700333753,77999
2020-06-01,397.4632568359375,406.0440700657937,395.20774075794736,399.47363674914754,81162
2020-06-02,394.276123046875,405.65183644739216,390.5005889244111,399.13042395790495,73779
2020-06-03,391.67730712890625,400.1110259155675,389.81405098391684,397.1200118349923,81812
2020-06-04,384.2733154296875,394.42319701234794,382.9003913827213,394.42319701234794,52857
2020-06-05,389.8140869140625,395.2077409468357,385.744335765743,386.2346679505406,76919
2020-06-08,400.30718994140625,404.03370241011106,388.88242659873185,392.7070414130607,92402
2020-06-09,388.2940368652344,402.07235814278636,382.4590723797236,402.07235814278636,52178
2020-06-10,386.6269226074219,392.51090874729385,381.5274559818657,390.1082691025124,43002
2020-06-11,395.1586608886719,410.3099051874858,382.7532345175675,387.3623683396969,165542
2020-06-12,390.7947082519531,394.22703316759134,382.36098961659957,382.4590620282603,73288
2020-06-15,395.5019226074219,398.8362053581672,387.36242042766384,392.2657422052292,59475
2020-06-16,431.0019836425781,436.24854392270356,396.23742031747213,398.1497277790369,693376
2020-06-17,432.9632873535156,447.1829196675042,426.6870418349102,435.31687568205524,494610
2020-06-18,422.7643737792969,435.3659156640086,418.7926655199333,432.47294408968816,116826
2020-06-19,427.1283264160156,436.1014287559976,419.28301196969227,420.7049871840882,90939
2020-06-22,437.6214294433594,447.1829060530462,429.53094923516284,436.10141179948545,204231
2020-06-23,451.00750732421875,475.42604250291106,446.2512794653722,461.89288708170795,517702
2020-06-24,441.10284423828125,470.71892169954555,436.984071629912,463.51103222552064,259975
2020-06-25,447.8203430175781,452.08623867386166,436.3956099997146,441.2989314603856,95718
2020-06-26,515.1429443359375,533.1871913810164,447.1829203806651,449.6836023723204,3029910
2020-06-29,511.85772705078125,532.5006979372,499.20713404176615,519.7520624433075,648243
2020-06-30,483.8597717285156,524.2631239418928,480.5255190106763,515.8294346930933,338224
2020-07-01,531.8633422851562,546.9165775557474,485.4289043651589,485.4289043651589,1878513
2020-07-02,523.625732421875,538.1885738206286,517.888810162517,532.5007326619067,285917
2020-07-03,545.4454956054688,564.8136155295622,518.1339589387478,523.6747361754881,1042162
2020-07-06,572.9039916992188,587.4178087251018,534.8051546694144,548.2892863388136,1205146
2020-07-07,560.8419799804688,577.9545254394828,551.1333787263834,574.9635110668617,361088
2020-07-08,553.4378662109375,584.4759148244002,549.4171665778024,568.7852862385103,337508
2020-07-09,580.9454956054688,592.6153636641061,546.2299590083621,556.9682439616615,935509
2020-07-10,578.0035400390625,595.900662822862,570.7466005573316,578.5919146543396,344028
2020-07-13,614.38623046875,623.6044995287182,575.7480301812279,582.4165958101428,838678
2020-07-14,619.1423950195312,634.4898155826573,596.3419495600308,615.8571934867215,753445
2020-07-15,602.0298461914062,626.3012879582622,591.8309133857579,622.5256944370848,249231
2020-07-16,567.412353515625,607.0312161186829,561.9206572471815,603.6969334774849,234939
2020-07-17,584.8681640625,596.8322196484414,567.8045827125602,572.6098613269094,381553
2020-07-20,575.2577514648438,588.349657991012,564.1272337244952,586.9276825451724,258184
2020-07-21,567.9027099609375,586.5844140025134,563.882010005508,578.5429542366518,192333
2020-07-22,580.2590942382812,590.5560696714508,551.1333517563157,567.8046453147808,335042
2020-07-23,571.4821166992188,583.397211800198,569.3246432837948,580.2590740918538,245331
2020-07-24,572.8550415039062,582.6616839341366,559.1257421015837,565.8432682242934,298723
2020-07-27,563.3916015625,580.7003492078541,555.2030791632501,577.366066875408,233489
2020-07-28,548.4855346679688,567.706590988842,544.4648349532193,563.391644098136,222045
2020-07-29,569.4718017578125,580.5532969757064,547.2107089737233,548.0933308334237,372394
2020-07-30,556.90625,575.6072150848074,554.8938208815551,570.5516063157294,181655
2020-07-31,559.9985961914062,564.2688743392973,549.740042346382,558.575150169806,177436
2020-08-03,607.7081298828125,612.518379025481,556.07185910414,559.9985735334507,742293
2020-08-04,600.3945922851562,625.2801801025101,596.7624294924997,613.5491091521402,299417
2020-08-05,591.65771484375,607.6099923806356,589.9888492103557,603.7323498575188,326656
2020-08-06,611.3403930664062,616.0033667590043,594.8972753082974,596.3207213662621,339517
2020-08-07,601.916259765625,620.420877476769,600.3946099965156,611.340350393446,194141
2020-08-10,642.6559448242188,652.2273115520278,601.7690055535323,605.8920678196628,662007
2020-08-11,650.3130493164062,663.6147833604412,632.2010658049173,647.9079245826792,325514
2020-08-12,639.3672485351562,647.9078641827647,620.9117031751496,647.8097202913175,214505
2020-08-13,660.1298828125,685.2117627165196,651.3929180317266,657.724757908407,541328
2020-08-14,703.9617309570312,740.087552954421,649.4785662683258,662.7803598150417,1612724
2020-08-17,809.59033203125,839.3351808426434,704.8452161930034,712.6986447856831,2070189
2020-08-18,787.5516357421875,841.4948853497918,778.471108935562,819.7016090305099,535334
2020-08-19,825.5917358398438,863.8772027812872,780.434518421731,793.1963407355455,743901
2020-08-20,803.7984008789062,834.4267842366197,796.1413200187042,833.297829914714,243969
2020-08-21,847.9739990234375,863.877205008105,793.981673710431,803.9948078427703,787529
2020-08-24,907.169189453125,932.5946896968875,857.9871145211365,861.9138290040707,739096
2020-08-25,898.03955078125,950.4612107904601,890.5297456129528,932.5946486952334,387845
2020-08-26,953.9952392578125,976.5738467681516,895.2908717143123,901.5736386404734,1224410
2020-08-27,930.8276977539062,968.9168169748024,927.6863141248108,957.1366733033761,254715
2020-08-28,867.165771484375,947.3198535239123,852.0970288691772,934.5089597161154,407313
2020-08-31,777.0968017578125,868.7856123878856,749.1189600029484,868.7365404383645,524040
2020-09-01,823.3829345703125,834.4268189386178,747.9409573189192,777.4894595286886,269566
2020-09-02,840.562255859375,858.919656671451,813.8115154539233,830.5000507527373,147070
2020-09-03,879.3876342773438,897.2541958945101,834.4267686108683,850.9189562894435,347485
2020-09-04,850.673583984375,878.6023523064358,839.2370641754467,846.2069583107796,188245
2020-09-07,814.0570068359375,862.5519552979621,800.6079975735056,858.8706604223097,138419
2020-09-08,812.6826782226562,849.152065463368,809.0013831411676,820.6833834998563,141688
2020-09-09,793.2453002929688,809.6884151752519,770.6176228413266,795.25772923548,141958
2020-09-10,807.0380249023438,833.4452055587802,801.0498088762835,804.682032002855,127272
2020-09-11,825.002685546875,833.4450971936176,797.61382976421,811.848168880002,152166
2020-09-14,860.3922119140625,873.6939448209325,844.3417310225456,849.1519800787715,307663
2020-09-15,857.6434936523438,881.5473425028933,853.0786644042475,873.1540028399493,99776
2020-09-16,844.0962524414062,867.2148295479375,837.3717785383108,858.9687060035427,82053
2020-09-17,851.7534790039062,862.5519438289032,838.3535418679423,839.3352204883965,107636
2020-09-18,876.9335327148438,893.327578277606,854.0604319796893,854.0604319796893,315672
2020-09-21,820.4869384765625,894.6036706609675,806.939786166635,883.5107147809873,198045
2020-09-22,791.1838989257812,828.2422669784837,728.0619753915795,826.7697490426148,238946
2020-09-23,784.4102783203125,821.3705018114281,768.4089290222344,803.7984307932466,105614
2020-09-24,757.3651123046875,782.397918997843,728.4055908361349,770.6177746716522,112607
2020-09-25,798.399169921875,808.9031426164157,761.4880796139073,775.575143142953,137657
2020-09-28,807.3815307617188,823.4810229384717,802.0313707117784,804.8291305963373,116886
2020-09-29,800.60791015625,822.5484611696257,790.2512136869628,811.8481412659854,97478
2020-09-30,792.6073608398438,820.2906506568994,790.2513081283496,805.9090944777528,75236
2020-10-01,791.4783935546875,818.8672512332968,789.2696166424419,801.4915275402494,80507
2020-10-05,791.8219604492188,811.8482285048565,787.7480300773625,798.1047276595506,58927
2020-10-06,794.7669677734375,805.9581277404944,791.2329487927387,797.0248764789519,55014
2020-10-07,789.024169921875,801.8350635901023,786.3736257347126,799.9699102116595,58403
2020-10-08,830.5491943359375,844.145479334629,780.4345121728726,795.1596916478323,305265
2020-10-09,815.8731079101562,852.8824052644442,806.0072493901536,835.5066810512204,131813
2020-10-12,797.172119140625,821.1741736164419,787.3062608970548,819.7016556721206,61667
2020-10-13,824.3645629882812,830.0582865992227,787.5025453911798,793.0981251138081,119854
2020-10-14,857.9380493164062,868.147471102131,809.8848684704448,824.3646282400679,251088
2020-10-15,805.7617797851562,856.3672994363609,801.7859934538902,856.3672994363609,136942
2020-10-16,817.0511474609375,826.5734425713291,800.0681184033649,812.0446101959755,70972
2020-10-19,814.8914794921875,825.5918014805198,811.8482994344707,822.3522736959053,35799
2020-10-20,825.1990356445312,835.2121696931464,806.4489977048282,814.5969183823718,58656
2020-10-21,815.1368408203125,833.1506799484469,800.5589368746441,825.6898862788072,44437
2020-10-22,814.4005737304688,821.3214560586024,806.301724970823,812.4372164554031,35200
2020-10-23,828.978515625,839.727908406387,803.0131043624181,817.738283537768,75222
2020-10-26,816.609375,849.1520467707533,807.1852837656091,835.7521090023464,123136
2020-10-27,831.481689453125,837.6662520193962,806.2525400211672,819.7015474537891,129786
2020-10-28,829.2730102539062,861.7174765053771,820.6342504228642,835.0649380507942,212015
2020-10-29,846.2069091796875,870.7488729029963,839.335159337161,854.0603375711463,533631
2020-10-30,827.5059814453125,857.2017588653533,812.1426875075207,848.1703038319101,133285
2020-11-02,807.7742309570312,823.8737843407603,800.0680777333567,818.7199715700852,91447
2020-11-03,791.1348266601562,822.3031229568621,785.3428988146351,811.2592384422812,125332
2020-11-04,795.7978515625,804.485683975458,786.4227721683656,795.1597364492019,89477
2020-11-05,827.94775390625,832.8070150350918,803.4548608913412,812.8298795232339,190782
2020-11-06,870.6998291015625,898.1377574144472,825.6898302280654,833.4451149820576,658944
2020-11-09,852.88232421875,885.4249925744398,849.44644924556,878.6023145728674,122697
2020-11-10,857.83984375,894.3092286891016,830.8928133876806,854.1585489008406,321718
2020-11-11,872.3687133789062,882.4309190464631,849.9863933263273,861.8647403571972,233809
2020-11-12,939.27001953125,946.3381170360618,865.4477809906994,871.1415644831527,762493
2020-11-13,937.6011352539062,959.9834535572649,924.6430266575225,942.4113839931321,388584
2020-11-14,932.2019653320312,945.1110627605451,925.3302152003005,944.3257318717285,53020
2020-11-17,930.4840698242188,948.0070694016986,920.4709956849832,933.5763814899237,182778
2020-11-18,936.0306396484375,946.8291053391903,922.8761211129371,932.5947642013798,149054
2020-11-19,967.3952026367188,1000.3305081696186,924.7903268009062,927.9317103506693,634310
2020-11-20,973.874267578125,981.5804807315942,945.3565155160837,967.7878481220541,215682
2020-11-23,1014.2213745117188,1024.8725644571762,979.5680684121555,979.5680684121555,423823
2020-11-24,993.1643676757812,1035.2293365521125,986.5871083037072,1014.1722562208563,193767
2020-11-25,956.8421020507812,999.2996996658578,952.2772727913004,999.2996996658578,180448
2020-11-26,952.8663940429688,976.6229691515722,942.4114925803914,959.7872164582242,121078
2020-11-27,983.5928344726562,991.4953348112862,945.5527906865797,957.1365855851525,239038
2020-12-01,987.42138671875,1013.0923058382948,982.6602695195088,990.9063936500713,126165
2020-12-02,996.452880859375,1016.0373815006681,988.6976556367131,993.0660776043244,160653
2020-12-03,980.4515380859375,1011.1289954728567,976.7702431995073,1006.2206022909496,77328
2020-12-04,965.628173828125,987.1759710523867,958.118308610471,987.0287552132974,81581
2020-12-07,963.7138671875,994.6367422398885,957.1366087644046,970.7819648971413,118458
2020-12-08,936.4723510742188,976.2303360138685,895.9781071542051,967.9351395183869,151623
2020-12-09,923.857666015625,956.3021902576361,914.7280674190077,941.920575430985,135738
2020-12-10,896.0762329101562,936.0796367000463,888.959062910728,932.5946895802596,156741
2020-12-11,906.5311889648438,921.7962804543747,900.2484214465264,901.1810281758424,125201
2020-12-14,915.8079833984375,932.5946633723778,909.4270725437843,913.4519308084184,115378
2020-12-15,905.745849609375,918.2622526624756,896.2726264690874,914.9245212148844,104307
2020-12-16,922.1888427734375,938.3865386541167,906.1383627233498,912.9610405473802,116228
2020-12-17,908.34716796875,930.3367918824781,904.1259621051688,921.7961763482665,61792
2020-12-18,904.3714599609375,915.218997103817,893.5729947673741,912.9611481830902,61355
2020-12-21,858.919677734375,927.8335254063322,841.2985354004251,906.5801603760706,156908
2020-12-22,866.135009765625,882.5290542359251,834.426803226403,859.9504466192107,141127
2020-12-23,887.388427734375,891.4132862329898,870.4053990711591,873.3995069705588,87383
2020-12-24,908.34716796875,921.7961763482665,891.8549799919065,897.5487037090792,142312
2020-12-28,898.7758178710938,915.6116295960389,893.3275136994945,913.5500686142811,88803
2020-12-29,894.505615234375,911.8813396601876,890.1862051237296,901.181018200627,66798
2020-12-30,918.0167846679688,930.6313309573254,900.1011498684211,903.831516637822,232084
2020-12-31,909.4271850585938,927.3918935501467,891.3642727454447,920.8146341797657,86749
2021-01-01,921.9925537109375,927.1954383109846,910.065134746315,911.9794200009578,77017
2021-01-04,982.267578125,990.513702289215,927.6862722133876,927.6862722133876,554760
2021-01-05,1054.3720703125,1083.037040817092,978.7336774934428,988.5504646297862,1193132
2021-01-06,1198.6787109375,1254.3398400174672,1054.3719557173335,1058.1513943872894,1258354
2021-01-07,1149.741943359375,1290.9073758112747,1128.9304047018752,1246.7318382359838,895635
2021-01-08,1124.7091064453125,1168.1975156767182,1114.2051935235927,1161.1784898300496,274282
2021-01-11,1141.98681640625,1165.6942598313947,1111.9473539826183,1129.5194257063338,214416
2021-01-12,1174.7747802734375,1206.0903528487097,1119.3590689922216,1128.930435729932,453045
2021-01-13,1137.2254638671875,1182.2845331027586,1128.9303280856461,1179.4867732129599,129315
2021-01-14,1131.77734375,1162.3075259114853,1110.0822694712879,1138.7472382240903,145627
2021-01-15,1130.304931640625,1153.4725260698142,1111.2112081385749,1131.0411906998183,107321
2021-01-18,1079.650146484375,1126.8197301899881,1060.311006624958,1114.2051844473683,133412
2021-01-19,1111.407470703125,1130.0102325701146,1094.5716584472407,1101.3452648743498,107506
2021-01-20,1133.20068359375,1170.848034456931,1111.70189799007,1115.6777443085052,253888
2021-01-21,1099.038330078125,1156.3682647387363,1085.2456977453928,1140.6123950299668,115664
2021-01-22,1085.442138671875,1107.3827544544963,1076.852449666903,1107.0390710272327,69196
2021-01-25,1086.2764892578125,1114.9414560878945,1045.8312595403813,1096.2404310568797,72319
2021-01-27,1133.5443115234375,1147.5823644281575,1076.0670973353913,1094.5717162851972,132043
2021-01-28,1109.8858642578125,1141.0051495463224,1094.5717011944125,1104.633907416155,86659
2021-01-29,1103.7994384765625,1131.924554248471,1097.860235030956,1118.6227613250774,58161
2021-02-01,1148.318603515625,1158.3316778354497,1101.4925797349445,1104.3884838256706,97770
2021-02-02,1128.8812255859375,1177.03260746105,1122.2058831987047,1157.7425995605017,130709
2021-02-03,1166.18505859375,1182.9227268532914,1131.875439055473,1137.765510724452,141228
2021-02-04,1197.64794921875,1221.1591048784921,1166.5287840455283,1171.9280166034816,174960
2021-02-05,1189.1072998046875,1222.9752104705465,1167.2158197596082,1207.0719457358573,104917
2021-02-08,1242.41259765625,1261.4571893059228,1194.7521664119554,1199.8077160895793,244438
2021-02-09,1413.6663818359375,1486.9485968787915,1366.7912264983865,1430.3057869489332,1528679
2021-02-10,1438.453857421875,1458.2837193714158,1384.1669769866687,1432.2692336337232,476247
2021-02-11,1609.4130859375,1667.8721000621426,1414.2554335927366,1441.104321890068,1087138
2021-02-12,1613.5850830078125,1721.8642816031559,1577.1648305507001,1648.2383858675591,1039244
2021-02-15,1577.4593505859375,1646.9131108437673,1553.01552972278,1609.1674971496489,287208
2021-02-16,1533.4312744140625,1586.4909367036278,1515.7119257936308,1570.6859334649025,144081
2021-02-17,1491.5133056640625,1543.493257647247,1484.3961360587555,1543.1987061438483,146432
2021-02-18,1616.9228515625,1654.5211911193473,1499.3178232937626,1499.3178232937626,464344
2021-02-19,1576.674072265625,1649.2201492250879,1531.4678418612655,1613.8797174559788,183945
2021-02-22,1572.7962646484375,1609.952772660456,1551.0520614655613,1606.4677659812367,100892
2021-02-23,1616.28466796875,1659.0368185337209,1562.7341727382595,1575.643270174678,227522
2021-02-24,1634.7894287109375,1654.1284492943848,1572.6491250858187,1627.573995097706,107535
2021-02-25,1655.5028076171875,1698.3039704193757,1624.3835242358048,1647.2566834472325,202115
2021-02-26,1599.3016357421875,1652.3612895371807,1590.3683848925377,1600.1360385439918,107020
2021-03-01,1654.4228515625,1663.9450852377136,1605.0443742558477,1618.4443099709829,138038
2021-03-02,1833.0885009765625,1870.637707493403,1665.8594553018313,1665.8594553018313,689744
2021-03-03,1809.2828369140625,1864.2077080242195,1779.096219209089,1835.542740120828,154427
2021-03-04,1727.01806640625,1842.954284384963,1709.1024320666654,1791.2198704173318,251755
2021-03-05,1760.7386474609375,1815.123663843564,1727.9015474466153,1743.3629848211615,194553
2021-03-08,1753.916015625,1864.2075773984802,1740.9577867886119,1786.6549714930143,91224
2021-03-09,1707.090087890625,1773.942501679202,1683.5789315037375,1766.9234751700167,98696
2021-03-10,1717.83935546875,1754.1614625980567,1708.1207136484709,1722.453196819219,66717
2021-03-12,1740.2216796875,1785.6734487181411,1719.900979743916,1731.5829795434151,109518
2021-03-15,1719.50830078125,1753.2780703356661,1704.9303967835767,1753.2780703356661,57903
2021-03-16,1684.953125,1727.7542867737702,1678.6703581722425,1722.8458939136174,56516
2021-03-17,1685.3458251953125,1773.8931847111203,1680.6337201026222,1685.5421129767535,180774
2021-03-18,1609.854736328125,1732.3191398692434,1580.5025226549142,1702.2306672569075,138913
2021-03-19,1657.7115478515625,1693.2482642946882,1526.5101824776386,1605.044468392887,184779
2021-03-22,1660.8038330078125,1687.5054418623379,1642.6917917053402,1687.5054418623379,70348
2021-03-23,1740.2216796875,1781.7467341525157,1667.8720117493797,1722.257032450055,394546
2021-03-24,1686.3765869140625,1745.0318842334614,1679.8484001494082,1729.7177217871263,88898
2021-03-25,1633.7586669921875,1698.304037191819,1621.8312476197127,1698.304037191819,143631
2021-03-26,1664.3380126953125,1714.2072163803753,1639.4033509358712,1650.299960020238,133680
2021-03-30,1709.00439453125,1727.7544328758086,1666.0559533731155,1682.5972147438272,119009
2021-03-31,1727.0673828125,1778.80180230813,1703.7525137149182,1717.9377229797062,147125
2021-04-01,1754.406982421875,1786.6551013559597,1737.6693138959752,1746.4062776440946,134658
2021-04-05,1719.753662109375,1767.0215115090039,1693.4447470605303,1767.0215115090039,79874
2021-04-06,1764.665283203125,1799.3675949108501,1704.9301692408208,1737.5709800237528,255292
2021-04-07,1890.1240234375,1938.6189708351628,1768.0523120068463,1775.3657697324338,567787
2021-04-08,1934.201416015625,2010.3796522951043,1909.463043107536,1919.1816853273633,474652
2021-04-09,1961.4429931640625,1999.6793270611863,1906.763422728031,1943.6255024392435,219713
2021-04-12,1820.0321044921875,1895.8667755126953,1796.9626576445248,1894.6396772761175,206054
2021-04-13,1833.726318359375,1874.907803609043,1790.4834520465338,1852.4273418424982,133105
2021-04-15,1827.296630859375,1860.8209801325652,1786.655111499169,1786.655111499169,78599
2021-04-16,1809.1845703125,1858.5139211179276,1797.453558701253,1845.4576673324027,80096
2021-04-19,1824.64599609375,1864.2076922622248,1728.8833189786733,1784.5444485866258,206025
2021-04-20,1814.7802734375,1882.859664341477,1791.6126810964126,1846.53755402832,103876
2021-04-22,1848.8934326171875,1869.606826364413,1806.2885589448779,1823.8606292187667,117191
2021-04-23,1903.8675537109375,1953.2459167627624,1853.4583801669432,1863.2260345748389,298505
2021-04-26,2038.5540771484375,2055.43890279578,1928.0169600484567,1934.5941593818943,466149
2021-04-27,2433.679443359375,2446.244737345057,2053.7207041883435,2060.5433223292303,2278063
2021-04-28,2379.6875,2624.714366665797,2321.032196012152,2522.914330523348,1563219
2021-04-29,2489.537109375,2542.253206068221,2280.0469768743033,2379.6873619695566,749534
2021-04-30,2542.5966796875,2615.977154282048,2417.727210986556,2478.738439481395,558300
2021-05-03,2553.14990234375,2606.3568376880726,2509.3178064517256,2547.456118192297,241548
2021-05-04,2453.558349609375,2589.5208271108504,2420.0338837389495,2577.1515816660544,160426
2021-05-05,2354.654296875,2473.8299785458357,2337.3766583006486,2473.8299785458357,187365
2021-05-06,2429.60546875,2452.2332090246064,2339.1930110489125,2355.0470250000126,141590
2021-05-07,2359.415283203125,2458.9085009619102,2353.083504435102,2429.654431988685,116929
2021-05-10,2294.96826171875,2382.239392734028,2287.3111207629286,2358.973658022883,148682
2021-05-11,2331.9775390625,2404.130916928673,2264.8308179765418,2287.3111622882025,169441
2021-05-12,2401.578369140625,2472.848329526786,2346.2609252600405,2356.0285791442184,203116
2021-05-14,2362.1640625,2427.9365267857142,2316.9577163521903,2421.8010357142857,95562
2021-05-17,2426.95458984375,2445.3610610985056,2375.0727869999732,2375.0727869999732,76838
2021-05-18,2580.19482421875,2600.4663897135742,2454.1962907829125,2463.031397429731,279796
2021-05-19,2663.981201171875,2689.7011328700555,2581.8147492896064,2590.649856796681,258008
2021-05-20,2627.708251953125,2714.2922584969556,2593.594919831944,2680.7680294161432,120072
2021-05-21,2751.645263671875,2872.784313554769,2614.651959746406,2655.19533603871,433744
2021-05-24,2840.879638671875,2890.061832987526,2782.077185695193,2782.077185695193,235502
2021-05-25,2743.4970703125,2903.608942035965,2661.330621377955,2738.883228935631,481158
2021-05-26,2726.906982421875,2810.7913745315577,2710.5129970175253,2795.6244874309414,113396
2021-05-27,2842.990234375,2866.501387893549,2729.066389843858,2748.699960993814,323498
2021-05-28,2794.397216796875,2881.079483560434,2783.0587812360923,2863.5072931340665,96027
2021-05-31,2756.2099609375,2826.645403950599,2748.7002151453194,2797.587859762503,76243
2021-06-01,2686.657958984375,2776.383284437865,2668.447773572777,2762.492628535924,91895
2021-06-02,2613.81787109375,2699.5182321190655,2596.540229653191,2655.440953199199,143779
2021-06-03,2651.121337890625,2687.836021869416,2619.1185194841496,2636.788734383218,75708
2021-06-04,2651.660888671875,2687.8358386863233,2633.8435190633327,2664.2755537599273,58827
2021-06-07,2613.620849609375,2671.8344349778254,2609.252428038927,2670.165629392977,71647
2021-06-08,2670.3623046875,2693.6771734011054,2616.173689337197,2616.173689337197,123604
2021-06-09,2636.44482421875,2754.5899300954093,2618.1366156680174,2687.8357906633037,148451
2021-06-10,2649.55078125,2682.1915976548025,2641.599088003124,2641.599088003124,34288
2021-06-11,2651.121337890625,2696.523973395176,2633.8436985667067,2673.994257664761,42862
2021-06-14,2615.38818359375,2669.1842209754022,2560.6104675725333,2640.715540428037,70389
2021-06-15,2622.112548828125,2679.982451635972,2600.171937285598,2630.1131331738384,60292
2021-06-16,2602.380859375,2667.220779402578,2593.594883762095,2625.9902778439077,41794
2021-06-17,2573.51953125,2630.8985963602277,2568.7091624038426,2589.6680959695077,37680
2021-06-18,2528.460693359375,2604.6881895888437,2406.7816642348366,2586.5271333115197,92218
2021-06-21,2479.131103515625,2520.9507088044343,2449.2881691849934,2503.2804935558047,68149
2021-06-22,2538.424560546875,2584.4160589521684,2493.463632932906,2497.3903473154774,48470
2021-06-23,2530.816650390625,2581.814807494877,2494.9362483833575,2552.266184743566,49447
2021-06-24,2496.899658203125,2557.1257395353914,2491.696713399742,2547.456108919642,35251
2021-06-25,2642.2861328125,2715.3229224963297,2498.813666118639,2501.1207066233824,137730
2021-06-28,2651.759521484375,2707.2243666352742,2613.0323456797983,2658.3858525422256,90779
2021-06-29,2621.3271484375,2687.0996112950274,2593.594729396826,2656.4221566040164,59273
2021-06-30,2624.812255859375,2651.6121292384737,2602.429936125151,2629.8186728563255,45189
2021-07-01,2753.019775390625,2777.1691683739855,2621.0822479881726,2645.6242166022944,235637
2021-07-02,2734.1220703125,2802.6924167253537,2709.580105192313,2769.3153441618992,106232
2021-07-05,2766.370361328125,2802.7416022663383,2744.773431608743,2757.0444144038465,61822
2021-07-06,2725.23828125,2783.059059673873,2714.3415520276044,2775.205630228585,48503
2021-07-07,2708.74560546875,2743.791480923047,2695.73836499568,2701.481040573791,31435
2021-07-08,2744.036865234375,2795.8204068285486,2713.3594116833247,2727.102910874195,64515
2021-07-09,2746.245849609375,2766.075709151135,2704.573641487165,2738.8832602002344,29649
2021-07-12,2851.580078125,2915.585475650192,2738.8833256107864,2738.8833256107864,161785
2021-07-13,2909.20458984375,2978.7566159252215,2881.2267491788107,2881.2267491788107,136181
2021-07-14,2834.302490234375,2957.79770971872,2827.332715767779,2925.4023149557866,80401
2021-07-15,2822.718505859375,2869.4465023462258,2789.930537005807,2858.598906054533,54218
2021-07-16,2856.73388671875,3121.737979531971,2817.4176104580997,2835.676928469584,65376
2021-07-19,2780.702880859375,2886.8713249192188,2765.781174498471,2827.2343503416987,62537
2021-07-20,2768.775390625,2840.683348884998,2714.34135957536,2840.683348884998,94017
2021-07-22,2887.55859375,2929.869039089784,2738.883411343739,2778.1505570260865,153596
2021-07-23,2990.0947265625,3062.837206073803,2905.915787325055,2908.7136671784224,196346
2021-07-26,3194.431396484375,3334.7623088235373,3023.619314725383,3028.4785760143104,433907
2021-07-27,3328.626708984375,3377.9560585756053,3222.0163172843363,3263.001398785508,240859
2021-07-28,3289.80126953125,3347.524019024494,3142.353192052025,3346.149764854408,158832
2021-07-29,3143.454833984375,3326.953209701473,3132.348561098551,3302.5784380472683,128257
2021-07-30,3210.73095703125,3243.3615871680727,3129.399974649881,3143.4548026775906,121439
2021-08-02,3261.347900390625,3283.7077782581414,3177.559786623338,3236.1378483589774,109334
2021-08-03,3351.08203125,3556.940269952054,3339.730046227433,3439.98091871572,350985
2021-08-04,3355.55419921875,3416.392625538878,3267.982013785031,3388.8235864242597,128413
2021-08-05,3353.834228515625,3388.8727970393616,3267.982033107853,3388.8727970393616,70495
2021-08-06,3381.20654296875,3408.8247731303454,3353.4901716045615,3356.438726855093,55065
2021-08-09,3385.924072265625,3408.529661137065,3349.6077503086176,3388.872627335813,53311
2021-08-10,3286.60693359375,3488.0423439308956,3115.3450228172405,3393.099012546007,162269
2021-08-11,3261.642822265625,3286.6071614941366,3135.2971779652744,3282.724944954237,120345
2021-08-12,3380.567626953125,3390.8383792705445,3269.505384385713,3269.5545749617254,63242
2021-08-13,3367.840087890625,3414.230645053058,3331.8676158791577,3390.8387241248065,42777
2021-08-16,3369.01904296875,3405.3845551964714,3351.5242350413655,3380.9605949213787,33215
2021-08-17,3361.402099609375,3388.184809191576,3327.297192645967,3377.0785366767736,33695
2021-08-18,3343.808837890625,3373.8350055204232,3317.124510035948,3363.318540249782,33079
2021-08-20,3262.0849609375,3367.2500982741412,3248.3742270045122,3287.639106458553,42020
2021-08-23,3212.942138671875,3300.7108415979496,3125.4683392403067,3296.4353408126626,88454
2021-08-24,3267.589111328125,3290.5877469109373,3194.3666539969227,3208.0281977052864,70026
2021-08-25,3399.83154296875,3435.0668742701328,3266.3112763919335,3267.5890316607247,108562
2021-08-26,3676.553466796875,3719.798943485906,3415.5081878464207,3428.1868793486346,495369
2021-08-27,3723.73046875,3764.322295013408,3591.340382762139,3679.7970424360838,181128
2021-08-30,3919.12109375,4000.157167183568,3723.730130790543,3752.5277331504703,230941
2021-08-31,3970.8681640625,4024.5811529568646,3803.586854217703,3939.711813443502,106898
2021-09-01,4097.8525390625,4191.763820335258,3988.41191409267,3996.2747271317885,186085
2021-09-02,4027.18603515625,4125.225495761872,3964.8239005822265,4110.924715067034,111771
2021-09-03,3981.09033203125,4052.69094034983,3936.3213853876546,4027.1862245616517,91374
2021-09-06,3966.4453125,4054.2142560461357,3932.68450104235,3995.2921054793514,86357
2021-09-07,4152.99169921875,4221.054192415319,3946.59256292851,3966.4461230614597,147631
2021-09-08,4169.55126953125,4334.375679511247,4137.068215188825,4183.900999281758,187939
2021-09-09,4245.57568359375,4299.386819665365,4177.267483466312,4184.000114280637,110552
2021-09-13,4565.6904296875,4642.991623112704,4270.490813383721,4271.276902813058,238085
2021-09-14,4889.49072265625,4919.173037643828,4594.83195823874,4653.80306358512,329741
2021-09-15,4861.626953125,5133.974773570972,4752.08793987955,4914.258469368718,300802
2021-09-16,4833.95947265625,4986.743966078336,4619.4031319178475,4885.952713110038,204259
2021-09-17,4698.96484375,4815.973142106746,4624.31706808413,4815.973142106746,529578
2021-09-20,4515.515625,4618.174682749493,4496.5467780960735,4618.174682749493,145532
2021-09-21,4572.3740234375,4604.366138298333,4277.371144032764,4471.975805457049,179390
2021-09-22,4570.55517578125,4666.579981087409,4556.009162243194,4599.74606391935,64668
2021-09-23,4593.80029296875,4634.146166784194,4571.390984323429,4587.7553705638575,50848
2021-09-24,4536.84375,4616.798837113009,4471.975533470538,4616.798837113009,46866
2021-09-27,4508.88134765625,4604.365778966183,4481.8039739435735,4580.089148810757,34441
2021-09-28,4440.130859375,4525.63895580125,4367.79287952015,4521.117742077562,54980
2021-09-29,4523.673828125,4594.832203052686,4375.361586258355,4403.176100465462,61462
2021-09-30,4439.93408203125,4555.56648616989,4431.678223903126,4535.860501954519,36026
2021-10-01,4471.828125,4503.082618646796,4375.655985403881,4422.832869343545,46519
2021-10-04,4615.32421875,4661.66558009529,4467.060944873097,4496.546495664338,77837
2021-10-05,4607.11767578125,4722.6027588541665,4545.689440104166,4643.9746171874995,110261
2021-10-06,4553.06103515625,4641.517698548384,4542.003952232233,4614.4892736230095,72039
2021-10-07,4490.06005859375,4576.157972091526,4474.481761611774,4576.157972091526,88326
2021-10-08,4442.14599609375,4501.805291701957,4423.668574407478,4489.666976115472,46023
2021-10-11,4429.6640625,4565.346560011371,4395.903007565444,4447.404345328623,45019
2021-10-12,4411.13671875,4466.274793951615,4395.2637601076685,4442.4895913444725,28886
2021-10-13,4396.24658203125,4484.801133828471,4378.6042025404,4413.249724008313,36149
2021-10-14,4388.138671875,4481.804257485969,4368.776299237968,4412.8078684009015,41004
2021-10-18,4408.1884765625,4442.489906629862,4388.678773358184,4388.678773358184,29600
2021-10-19,4403.9130859375,4510.1100281450035,4370.741838568111,4413.004464846147,42951
2021-10-20,4074.854248046875,4399.244263686349,4005.661343537477,4399.244263686349,113704
2021-10-21,3756.950927734375,4175.007028192597,3734.836762692119,4118.148956757889,176492
2021-10-22,3486.17529296875,3751.2011816922395,3442.0453436573625,3687.9056225097243,232685
2021-10-25,3758.916748046875,3867.71839544338,3450.7927055543414,3489.123926151499,245196
2021-10-26,3897.79345703125,3979.3701510022915,3759.407884810049,3772.18495735973,118649
2021-10-27,3770.36669921875,3979.5176026293516,3759.4571886086587,3941.2355744049305,63738
2021-10-28,3497.920166015625,3672.9169670105057,3459.6381385809423,3672.9169670105057,175488
2021-10-29,3400.568603515625,3557.923261417962,3340.7130291601247,3502.8835645562476,91891
2021-11-01,3232.89404296875,3407.7924494838667,3223.7534744558607,3331.867158050417,151160
2021-11-02,3295.55078125,3366.266909653226,2973.3227710115148,3286.6559258044927,177435
2021-11-03,3336.04443359375,3438.0152990236247,3302.381762355454,3307.296020930388,91813
2021-11-04,3393.787109375,3416.392699735737,3336.8308981742994,3372.164370769078,24037
2021-11-08,3238.0048828125,3439.9809044904387,3232.7465303054546,3433.002561531148,129898
2021-11-09,3214.7607421875,3282.7248447124302,3209.0109634688874,3269.652868447767,77696
2021-11-10,3152.74267578125,3238.201586767663,3145.272906559532,3238.201586767663,78283
2021-11-11,3077.65283203125,3210.878190827769,3063.6471950092923,3174.611058310418,101534
2021-11-12,2927.17822265625,3115.5908550257886,2909.241178229665,3115.541664447511,236427
2021-11-15,3083.05859375,3105.811515675947,2835.7238080307875,2929.5369591448116,270662
2021-11-16,3280.0712890625,3314.176197792749,3083.353361582296,3086.154585133224,225659
2021-11-17,3217.2177734375,3322.431858093533,3165.765389917183,3292.5532617890603,109939
2021-11-18,3104.73046875,3233.4840551186226,3071.411888564474,3233.4840551186226,77185
2021-11-22,2974.15869140625,3120.4560356023535,2949.538206206023,3110.725898914383,68292
2021-11-23,3101.585205078125,3120.554291755827,2900.0024560618494,2948.555236304718,69683
2021-11-24,3132.102783203125,3267.9820362910145,3108.9073861518955,3194.268155773172,104769
2021-11-25,3061.533935546875,3153.7746660025614,3012.4405398298513,3153.7746660025614,68037
2021-11-26,3032.539794921875,3140.2604395376356,3007.526266610318,3018.3376355425776,91383
2021-11-29,2915.678955078125,2987.8693693163577,2852.2358255776544,2943.6410398363455,86122
2021-11-30,2945.852294921875,2995.732019325006,2901.6239678649113,2901.6239678649113,50228
2021-12-01,2901.525634765625,2978.0407378229884,2885.6526753294697,2958.383703249899,54845
2021-12-02,2983.544921875,3035.8817785026263,2917.5954722837346,2948.5553029648654,89158
2021-12-03,3025.2666015625,3145.1253135684697,2971.3079014291798,2995.731861173967,110979
2021-12-06,2953.174560546875,3064.5317101276314,2948.555205382583,3064.5317101276314,41218
2021-12-07,3012.981201171875,3031.1147677938416,2952.4866285514595,2977.0579220647037,36605
2021-12-08,3221.345703125,3252.256341730575,3028.461053060139,3035.9305821602948,167891
2021-12-09,3260.463623046875,3298.4507503974505,3213.925492788934,3263.3137973799567,114951
2021-12-10,3237.90673828125,3281.742022706324,3220.805213659366,3260.4633781094467,39055
2021-12-13,3165.274169921875,3277.8106991738714,3150.2364896380036,3267.982181335269,40600
2021-12-14,3121.78271484375,3183.5058496483102,3087.137192388577,3145.125442739079,33871
2021-12-15,3138.933349609375,3211.8608959768176,3086.1542625996694,3104.8284444434253,47160
2021-12-16,3122.9130859375,3192.2041350107356,3105.8115612967867,3168.714073930646,27524
2021-12-17,3072.93505859375,3155.936837423375,3022.2690050068136,3155.936837423375,55188
2021-12-20,2930.176025390625,3022.269188107347,2899.854952351084,3007.526411579994,83505
2021-12-21,2948.555419921875,3022.2693054199217,2921.674327028632,2949.0468458251953,44606
2021-12-22,3080.84716796875,3109.742913216134,2978.0899703013474,2995.732111088109,42078
2021-12-23,3132.299072265625,3194.267917862971,3100.8970094946685,3100.8970094946685,54854
2021-12-24,3073.524658203125,3174.1196276608453,3061.5831057945607,3149.2534311703266,23855
2021-12-27,3128.367919921875,3164.7826251366937,3029.394796996141,3094.0172993572396,37563
2021-12-28,3198.887451171875,3251.2734959382283,3146.1083616983883,3150.9242391539265,94362
2021-12-29,3148.8115234375,3235.548196693328,3066.792586916143,3204.0969384022633,43781
2021-12-30,3111.70849609375,3170.7287889330805,3105.90976701947,3169.6967466526667,35312
2021-12-31,3351.32763671875,3376.0954505485647,3117.0156571100133,3125.4682773637364,287172
2022-01-03,3656.4541015625,3685.6939401543914,3405.8269136320014,3420.029072957256,370464
2022-01-04,3719.0126953125,3867.5216928941973,3686.2347329423546,3713.2139658841875,269195
2022-01-05,3621.955810546875,3728.152983675165,3559.888822285707,3718.1279444248567,119873
2022-01-06,3660.876953125,3725.0080280136253,3518.609166303108,3562.8374938125044,135869
2022-01-07,3570.012451171875,3695.522571362721,3555.4170067368714,3689.625460876504,81972
2022-01-10,3610.45654296875,3625.7399349521024,3519.149715676561,3602.544538763153,57658
2022-01-11,3622.349365234375,3645.3971910993982,3555.5154453112805,3602.1517135021018,64463
2022-01-12,3621.80859375,3694.4904305645696,3612.029267111821,3668.1010058145507,67361
2022-01-13,3623.4794921875,3670.951279617539,3594.141511475431,3643.4314306672604,42135
2022-01-14,3580.577880859375,3661.1225284954708,3560.4786118816614,3607.3113987142283,30744
2022-01-17,3582.49462890625,3628.9343740957756,3557.9233351551784,3557.9233351551784,35387
2022-01-18,3540.379150390625,3661.1225775541216,3505.8320091639066,3587.408700153703,67856
2022-01-19,3452.11962890625,3548.0458209804656,3439.9813131482338,3518.609457448765,63353
2022-01-20,3401.3056640625,3486.5680496501286,3389.8555376568397,3464.552267393552,36751
2022-01-21,3293.192138671875,3376.832919048762,3276.582039985101,3361.353003899226,62826
2022-01-24,3122.667236328125,3287.2459482841955,3032.097546598537,3282.724734404899,97558
2022-01-25,3141.73486328125,3238.643903519187,2960.4968535036405,3090.0859549430315,82456
2022-01-27,3036.569580078125,3114.6079106789375,3028.5591945862243,3095.982918572301,50822
2022-01-28,3134.314208984375,3189.3539066021626,3036.029034666897,3036.569651116451,46976
2022-01-31,3199.231689453125,3287.6391578290495,3146.2558352842902,3194.268240043172,51030
2022-02-01,3236.82568359375,3275.8448496840883,3176.5768239360855,3225.719410940047,42548
2022-02-02,3316.191162109375,3488.141036441898,3263.0679743553396,3271.9136405508816,163402
2022-02-03,3543.082275390625,3651.048639089862,3491.0895123621212,3573.649061640955,270536
2022-02-04,3448.9248046875,3623.675635267934,3397.718137983037,3579.54569237322,91816
2022-02-07,3363.4169921875,3485.978554598749,3341.7450636083586,3439.981045767395,52937
2022-02-08,3167.534423828125,3403.1239221598366,3144.1425059896947,3388.872572882922,129036
2022-02-09,3066.939697265625,3238.49651832907,3040.501081155268,3199.1824483038313,159824
2022-02-10,3073.37744140625,3169.696913506606,3052.14774749231,3094.0173282848978,97436
2022-02-11,2944.6728515625,3104.6811545628916,2908.2581484850534,3072.394380589482,145229
2022-02-14,2794.689697265625,2884.669820931484,2762.059067895299,2884.669820931484,197465
2022-02-15,2856.7568359375,2902.3610586560726,2679.2537236357784,2806.0415924358576,206892
2022-02-16,2995.535400390625,3013.816297679001,2894.0067737847858,2903.3438647513185,140929
2022-02-17,2999.6142578125,3038.8791360219398,2960.3493796030602,3028.5591929655548,59419
2022-02-18,2954.206787109375,2983.8888633706492,2931.3554828424553,2948.5553892799217,48736
2022-02-21,2812.57763671875,2924.721118265028,2801.1275097220296,2924.721118265028,105936
2022-02-22,2739.502685546875,2777.391667874778,2654.1911070642414,2701.859416152416,103373
2022-02-23,2855.429931640625,2874.841252921032,2780.487488722598,2781.4703404329985,95190
2022-02-24,2665.44482421875,2801.1275597991275,2650.4071440648086,2714.7349847258893,145084
2022-02-25,2778.964111328125,2821.226736255432,2699.2549789841623,2704.8079953476467,84803
2022-02-28,2807.467041015625,2830.6132494314757,2704.5133125857824,2765.745029132004,59692
2022-03-02,2840.834716796875,2876.8071882793574,2771.691237368057,2787.367675422022,58703
2022-03-03,2771.69091796875,2939.9550769743546,2764.3195303958933,2885.0627148668727,75902
2022-03-04,2731.73779296875,2789.8736123140516,2683.18501721036,2781.470182675941,57509
2022-03-07,2684.0205078125,2727.6098342484624,2646.5737641970964,2651.7337353277376,53814
2022-03-08,2757.390625,2770.6591238192836,2692.6207897082263,2705.6925262113964,50343
2022-03-09,2829.433837890625,2848.3045446469573,2763.9758113798493,2809.1869946282136,49647
2022-03-10,2875.92236328125,2943.640747261689,2844.9133451481734,2930.8636755707366,72813
2022-03-11,2832.9716796875,2894.4491022856137,2821.9145979235955,2850.2699658064203,39748
2022-03-14,2851.49853515625,2869.9270047931927,2779.5538376844324,2850.2699705137875,73290
2022-03-15,2850.810546875,2917.10384605964,2840.4414134475605,2855.970518300813,61817
2022-03-16,3028.411865234375,3071.4116280267494,2874.8904744098927,2879.7555424378806,389852
2022-03-17,3058.880126953125,3109.9392235025134,3027.330492189222,3085.1714092717034,118961
2022-03-21,3055.243896484375,3087.678004669956,3018.3377647854277,3061.0918164846025,56614
2022-03-22,3028.804931640625,3056.668874111325,2982.954994510569,3050.673382588849,55130
2022-03-23,3037.896484375,3105.074499819357,3021.4337169865457,3046.840531594526,58374
2022-03-24,3003.103515625,3051.3124418489633,2994.356231050549,3026.200531700008,34827
2022-03-25,2942.559326171875,3037.1587932156212,2931.2075820898294,3026.2000937942335,44226
2022-03-28,2837.885986328125,2956.8110455369215,2814.9857330056925,2942.5596954664456,131522
2022-03-29,2810.80859375,2907.9633425182496,2801.127408304597,2840.4414771930824,96730
2022-03-30,2895.48095703125,2969.1948306827585,2839.4584130561034,2840.4412647047902,115544
2022-03-31,2855.676025390625,2957.1554780223864,2826.681896067265,2899.412932336033,92918
2022-04-01,2939.1689453125,2968.0157399359423,2855.1843119082773,2865.012829333091,81382
2022-04-04,3145.61669921875,3191.319300847768,2982.954751485364,2997.6975262044016,250775
2022-04-05,3362.87646484375,3398.7013632644484,3204.096716090833,3204.096716090833,471293
2022-04-06,3372.50830078125,3443.9123813128745,3292.6024090116953,3390.8383891351077,198395
2022-04-07,3284.9853515625,3395.6543112558707,3263.362613723713,3372.164251130802,82416
2022-04-08,3345.529052734375,3428.186982790736,3292.946482900859,3292.946482900859,139591
2022-04-11,3301.546142578125,3389.8554624808435,3287.6388872132275,3356.88074044938,76782
2022-04-12,3184.78369140625,3359.3872048270728,3165.765414496197,3313.193173631382,130877
2022-04-13,3188.272705078125,3262.8221065131715,3154.0204654638387,3238.1524315351003,44661
2022-04-18,3167.4853515625,3228.667870571038,3094.0171861667054,3176.57672988907,76775
2022-04-19,3115.394287109375,3228.667949571511,3094.1156430276037,3175.348242946167,48314
2022-04-20,3120.7998046875,3243.4105520726716,3104.287848431598,3158.492262690924,44860
2022-04-21,3246.064453125,3281.348975209291,3145.125625570166,3145.125625570166,79148
2022-04-22,3183.653564453125,3226.0637644199273,3169.69711661265,3212.9425966532567,44664
2022-04-25,3166.20751953125,3255.2047877921577,3112.6912931575375,3169.352596939278,89866
2022-04-26,3203.60498046875,3253.2389892166166,3156.035056185075,3218.7899905998183,57441
2022-04-27,3169.794921875,3204.096348148109,3113.6739972187756,3169.696540729341,40887
2022-04-28,3214.662353515625,3245.3764706286306,3154.954109847942,3187.4865986756536,62818
2022-04-29,3176.232666015625,3278.5968166601824,3145.1746956256875,3249.111265050349,47472
2022-05-02,3143.84765625,3174.2179174766256,3102.862788722988,3125.4683776177076,30274
2022-05-04,3063.597900390625,3182.031528729656,3046.8402311286122,3180.9011053166614,36629
2022-05-05,3017.3056640625,3130.4811863775476,3009.4920406870565,3099.8652105738365,32555
2022-05-06,2931.945068359375,2976.9105346482297,2905.4080718610344,2953.469425093082,48644
2022-05-09,2863.046875,2928.6522230625646,2830.612770339856,2920.1506522165882,45956
2022-05-10,2799.3583984375,2919.069793515933,2772.624877948972,2862.0643901408744,39803
2022-05-11,2990.523193359375,3035.046428924763,2653.699921663491,2791.299176860857,423257
2022-05-12,3018.091796875,3120.455703382858,2855.184130887202,3015.388954754539,404903
2022-05-13,2923.197509765625,3120.5541812509814,2900.3953980698097,3095.9828884852254,131281
2022-05-16,2870.959228515625,2973.126622648557,2850.3193412178994,2973.126622648557,69268
2022-05-17,2976.320556640625,2992.783322041015,2863.046902169286,2898.429562134303,82094
2022-05-18,2912.04248046875,3020.3526981918585,2904.720042774399,3007.526434524401,70603
2022-05-19,2868.45263671875,2899.7073682276828,2850.26988058399,2850.26988058399,50065
2022-05-20,2892.974853515625,2964.9687421617195,2859.5578949631717,2893.220566446158,58099
2022-05-23,2859.8037109375,2946.245475022763,2845.3558380923987,2923.0011269384436,40595
2022-05-24,2851.351318359375,2895.3828849575575,2831.694283287314,2887.6184520857105,38222
2022-05-25,2727.413330078125,2873.0718966882505,2704.119793952585,2851.4491603777215,66698
2022-05-26,2721.61474609375,2766.8748750426153,2654.6824491541965,2734.5391500034298,48935
2022-05-27,2779.897705078125,2818.179971483183,2753.8031839109117,2761.665997660197,39717
2022-05-30,2986.39501953125,3024.234811616803,2805.6486800704442,2809.9731317557494,150469
2022-05-31,3158.88525390625,3220.7557182780465,2948.5549974233822,2997.697580713772,167878
2022-06-01,3198.9365234375,3275.7954772541493,3164.782427365773,3194.2679779312925,120449
2022-06-02,3247.29296875,3397.7184760280793,3210.632550740145,3229.6508279514806,419669
2022-06-03,3146.255859375,3292.5534418707875,3131.414941564667,3292.5534418707875,93784
2022-06-06,3098.833251953125,3166.944927655526,3048.363957498565,3145.1256663361282,67902
2022-06-07,3061.681396484375,3143.1105150546236,3037.011723075838,3086.203498166949,47666
2022-06-08,3050.5751953125,3092.935960177495,3031.1638739774903,3092.935960177495,33501
2022-06-09,2996.5185546875,3034.9971058907327,2982.955152133448,3012.4407055318015,34636
2022-06-10,2910.22412109375,2980.153929271476,2887.2744360450797,2978.040893925722,58640
2022-06-13,2835.920166015625,2873.809146598096,2801.1273122243433,2873.809146598096,46371
2022-06-14,2865.160400390625,2915.482605771452,2803.0934036511508,2815.8704773704585,48342
2022-06-15,2916.317626953125,2945.999701429056,2862.064259044463,2890.566959426431,37424
2022-06-16,2820.685791015625,2991.701974275501,2809.628710201409,2937.7435158837307,54317
2022-06-17,2757.2431640625,2814.0518014200625,2727.4135184288807,2776.556104346518,44867
2022-06-20,2694.635498046875,2773.6569254653646,2669.4254457649195,2753.9506992022475,45498
2022-06-21,2773.485107421875,2782.3994719072666,2723.1020783859044,2749.1554743227475,34556
2022-06-22,2758.660888671875,2807.221801764921,2743.7381226996176,2777.7208781234685,30718
2022-06-23,2777.8681640625,2793.4806255277526,2754.0803346176294,2777.523555805211,21634
2022-06-24,2816.530029296875,2824.9518905610616,2780.084755937746,2797.420982160162,26712
2022-06-27,2896.9560546875,2927.2943306283873,2856.5214529216314,2866.1745735137756,36230
2022-06-28,2863.95849609375,2895.577091356278,2844.061393444498,2876.2217909075453,20540
2022-06-29,2820.322509765625,2851.596495510865,2813.4274577902966,2826.971309884692,16743
2022-06-30,2824.3115234375,2864.4012730767295,2805.5963844455955,2817.1209219392867,17991
2022-07-01,2844.159423828125,2853.566292113931,2789.2452640817146,2817.121020174609,21727
2022-07-04,2820.174560546875,2890.9964908250504,2808.2558757554407,2890.9964908250504,19543
2022-07-05,2831.896240234375,2873.167953595576,2818.9925472606574,2837.363079333326,20440
2022-07-06,2835.294677734375,2853.2217654267056,2813.5261571366655,2846.671562003849,19198
2022-07-07,2885.234375,2922.6155988035266,2859.427228809247,2859.673480663129,27794
2022-07-08,2872.330810546875,2953.052117017038,2850.6113497822907,2904.786755531436,33121
2022-07-11,2894.05029296875,2905.7717846537003,2837.8062751143425,2837.8062751143425,23204
2022-07-12,3059.58056640625,3097.8481991764384,2857.506399303926,2881.1465763405668,124195
2022-07-13,3053.12890625,3141.188467955402,2989.5959315923888,3082.0880264134375,137638
2022-07-14,3005.011474609375,3052.242533686141,2967.039389359759,3052.242533686141,61290
2022-07-15,2954.529296875,3028.1585900710015,2937.2916697053674,3025.94232372062,42811
2022-07-18,2987.675048828125,3001.662346056943,2961.1784464062553,2979.5487379149104,21476
2022-07-19,3044.460693359375,3054.0152163319867,2979.30231441215,2979.6471631686054,51839
2022-07-20,3073.124267578125,3135.278326190165,3053.522717935756,3083.0729377867474,53245
2022-07-21,3080.85693359375,3107.7476840436184,3036.1867512571143,3083.073200271261,41749
2022-07-22,3269.83056640625,3284.0145763627816,3091.3963367826927,3104.1030761623874,403222
2022-07-25,3380.052978515625,3397.8324106309847,3289.924799138041,3299.7748733869576,277663
2022-07-26,3234.764404296875,3389.410571006561,3205.214181358718,3388.4255635752893,96086
2022-07-27,3275.69140625,3314.5499000730683,3156.9980145831933,3202.259056504471,113753
2022-07-28,3308.4921875,3368.7252935596766,3282.3894915118913,3293.864731480573,80246
2022-07-29,3350.010009765625,3368.725149484986,3314.3034931957914,3332.2798773999143,70134
2022-08-01,3489.979736328125,3515.2943778404538,3354.5902798709712,3368.8238288638345,316701
2022-08-02,3712.344970703125,3737.955161275126,3508.546809901595,3508.596108364141,466038
2022-08-03,3618.76953125,3758.738938446414,3568.6818087876936,3728.6469142922583,162408
2022-08-04,3584.244873046875,3688.557057541319,3495.1510043525673,3648.467305600145,123353
2022-08-05,3522.829345703125,3618.522950156438,3506.5274266267975,3605.1267545485093,68978
2022-08-08,3519.332763671875,3582.471832776001,3457.375895805269,3527.2128226936534,118556
2022-08-10,3609.657958984375,3641.719755202949,3504.853034747194,3535.191308617965,133039
2022-08-11,3637.63232421875,3689.837716361613,3610.0521170489355,3644.5273760112036,95867
2022-08-12,3500.2236328125,3767.456176077278,3468.5557425701454,3666.197371979211,522172
2022-08-16,3504.114501953125,3530.1678994005824,3453.9777218441095,3530.1678994005824,110607
2022-08-17,3593.060546875,3644.527180710712,3496.7760787900074,3496.7760787900074,163222
2022-08-18,3574.246826171875,3634.6771233167033,3551.3947037365147,3592.3218072455334,56036
2022-08-19,3529.773681640625,3603.1567259498834,3502.587383798364,3578.53154329577,50273
2022-08-22,3428.07177734375,3525.3412516667718,3413.050415486271,3525.3412516667718,58863
2022-08-23,3438.808349609375,3478.8983415565544,3350.0100322732915,3373.6502089197365,40981
2022-08-24,3500.765380859375,3541.1013832906438,3416.9904585911663,3416.9904585911663,66762
2022-08-25,3471.559814453125,3545.0414590887103,3460.0845749969067,3529.281341460086,35741
2022-08-26,3479.09521484375,3525.833764916508,3462.300791641717,3494.8060337823076,37573
2022-08-29,3387.98193359375,3462.3006868701955,3316.1256985867713,3349.5666485900692,56714
2022-08-30,3413.050537109375,3443.6350640444703,3389.2134068510236,3423.8856181795636,45326
2022-09-01,3434.819091796875,3505.6410212948645,3393.3501877945514,3398.275224351583,54171
2022-09-02,3377.540771484375,3521.401137374431,3367.1981947172612,3457.3756621494413,87239
2022-09-05,3384.781005859375,3421.9157370630446,3326.370018440386,3388.42548517469,41396
2022-09-06,3402.31396484375,3425.8555441852745,3380.5945048013728,3408.1254119842006,28796
2022-09-07,3383.25390625,3443.536306385252,3363.8000116001895,3400.2452825897085,64624
2022-09-08,3563.855224609375,3570.6516791997265,3403.249726501308,3408.125464836153,252861
2022-09-09,3554.005126953125,3613.5980718163605,3536.1763976696857,3604.1419050343675,77854
2022-09-12,3598.52734375,3694.073055210442,3570.848541454389,3590.351734776396,185311
2022-09-13,3599.118408203125,3644.4780466348307,3577.0050403809446,3634.8249261112037,103545
2022-09-14,3624.974853515625,3666.1975090179085,3539.427105902096,3595.2769768714043,133872
2022-09-15,3683.3857421875,3786.368310272905,3653.3923160255476,3693.7776179821526,311198
2022-09-16,3525.14453125,3713.4778980357487,3506.6263440337575,3664.2275280352746,119493
2022-09-19,3504.7548828125,3582.7674198321815,3441.9113633731968,3525.341441025916,94187
2022-09-20,3567.10546875,3607.737021341225,3517.017990025728,3532.2363052638348,54193
2022-09-21,3514.998779296875,3588.7266767024994,3496.7761430584014,3546.0265112704915,42724
2022-09-22,3537.949462890625,3548.981497161537,3481.0159897221406,3485.7440731183347,54551
2022-09-23,3495.840576171875,3588.3819737056892,3486.975509533568,3546.026655322669,61899
2022-09-26,3347.695068359375,3466.240796803648,3334.2498144871693,3466.240796803648,89892
2022-09-27,3231.71044921875,3395.4679176495333,3191.473044121083,3363.800028217296,146709
2022-09-28,3180.391845703125,3231.415275586863,3172.7087401177982,3231.415275586863,59712
2022-09-29,3166.06005859375,3267.121914764636,3152.023703041145,3220.9742215451697,50969
2022-09-30,3120.0107421875,3177.0425708486227,3067.214252694272,3177.0425708486227,107571
2022-10-03,3073.22314453125,3144.8331357324355,3058.546630193408,3136.1650223569227,72248
2022-10-04,3135.77099609375,3174.974337937114,3123.606058751393,3127.3984333587737,47617
2022-10-06,3184.62744140625,3216.049080487493,3161.8736748437527,3164.2375963524437,42780
2022-10-07,3170.73876953125,3205.1647295107123,3160.9379941551683,3199.008433359867,32880
2022-10-10,3109.914306640625,3161.873441861242,3094.8929452735274,3130.3532081729054,59298
2022-10-11,3069.72607421875,3149.068463489051,3063.372824976837,3128.1370575306078,58688
2022-10-12,3010.083984375,3092.9232019963943,2960.981510313026,3073.4693060602704,74623
2022-10-13,2993.191162109375,3042.04762412318,2981.912875756684,3019.047605714598,38416
2022-10-14,2996.2939453125,3090.6577033188655,2985.114255493368,3090.6577033188655,48264
2022-10-17,2978.957763671875,3019.047514545471,2960.9813796129993,3001.2680838596716,36970
2022-10-18,2996.7373046875,3033.822736426035,2980.139834109406,3004.3218134325016,39773
2022-10-19,2980.63232421875,3019.0476119400096,2972.7522651990043,3018.0133060976045,27655
2022-10-20,3028.897705078125,3037.7627715320123,2964.921523598636,2973.737291587271,50895
2022-10-21,3017.619384765625,3052.537848032176,3010.1332325408935,3049.2872756061656,31597
2022-10-24,3040.865234375,3048.59763798495,3028.9467901592657,3040.3727307178133,13889
2022-10-25,3054.3603515625,3063.3730732547037,3025.9427913306913,3051.5529842260685,29700
2022-10-27,2933.401123046875,3100.950725354328,2906.7566267120606,3073.222865246232,266097
2022-10-28,2967.728759765625,2992.4032437346837,2924.4870302162626,2924.4870302162626,59978
2022-10-31,2979.647216796875,3002.302385717975,2950.2939498378228,2982.602238830062,32544
2022-11-01,3011.5615234375,3023.775759464886,2984.5724169156065,2990.8763680727384,39674
2022-11-02,3045.987548828125,3068.1992719957866,3002.3516755014866,3026.632010278522,37188
2022-11-03,3034.216552734375,3066.0816367828725,3009.739264310633,3023.9725724595355,25556
2022-11-04,3024.908447265625,3053.5229605240197,3004.272590192987,3033.822812391607,23129
2022-11-07,3011.364501953125,3043.6727919835116,3004.272496941654,3025.9426592146756,26579
2022-11-09,3020.37744140625,3034.118246104466,3006.784291621223,3011.167526316167,24765
2022-11-10,2975.756591796875,3042.68779513474,2969.8958459851847,3007.227529474381,27904
2022-11-11,2978.416015625,3020.6727353304564,2964.8721643757754,2994.520982211658,23216
2022-11-14,2945.565673828125,3000.873976886578,2940.246730708408,2991.861015986683,38243
2022-11-15,2916.95166015625,2955.0220986686386,2910.696767188609,2952.06707656997,31596
2022-11-16,2913.504150390625,2931.578891371987,2895.921672614766,2931.578891371987,27757
2022-11-17,2864.253662109375,2920.00493272599,2838.9880797945475,2908.72664688813,35013
2022-11-18,2856.078125,2892.5726956079316,2828.4486205892836,2856.570628677623,47343
2022-11-21,2884.05224609375,2917.493197805657,2846.720563413355,2866.371412111667,51409
2022-11-22,2864.10595703125,2967.974938835339,2850.1189001051976,2884.200252196286,70458
2022-11-23,2876.4677734375,2891.686089214259,2861.4464110387594,2878.191536335716,18287
2022-11-24,2885.924072265625,2898.236664958397,2868.341593708216,2890.011756847495,25298
2022-11-25,2881.146484375,2895.872296087966,2869.3263962339743,2885.923866190788,17536
2022-11-28,2884.643310546875,2902.9152449069456,2878.1914643360283,2882.6239973919874,22816
2022-11-29,2994.323974609375,3033.0348145020457,2881.1467176862416,2895.9218290589915,111928
2022-11-30,2999.150390625,3023.873930518856,2980.7308015017725,2994.422307306875,33034
2022-12-01,3009.148193359375,3078.148007184485,2999.39671666474,3000.2831270986835,40158
2022-12-02,2955.0712890625,3000.3323277891277,2945.270514223071,3000.3323277891277,30961
2022-12-05,2888.583251953125,2982.257303394533,2874.251347412632,2969.8956539658793,71611
2022-12-06,2845.686279296875,2895.823058015172,2836.8212130062307,2888.5833981660007,77236
2022-12-07,2824.3115234375,2867.159341655807,2817.1209219392867,2859.9194416957657,33897
2022-12-08,2833.865966796875,2845.6860542496256,2819.5340626643565,2842.8296293073286,19294
2022-12-09,2801.163818359375,2845.686100390575,2787.5706694722494,2836.8210346572714,36205
2022-12-12,2789.491455078125,2812.8853791235306,2777.720665601866,2801.163888109744,26876
2022-12-13,2808.945556640625,2831.896277174311,2795.5003018124307,2831.896277174311,23176
2022-12-14,2817.61376953125,2830.0740173994463,2802.8879564651093,2813.4767863978,25702
2022-12-15,2769.44677734375,2830.1230861637364,2753.194155975489,2819.0910518764945,45085
2022-12-16,2824.557861328125,2844.1594113089777,2764.4724132602078,2769.4467484504166,45837
2022-12-19,2821.208740234375,2836.1317460597943,2792.545170282732,2831.649914465751,19964
2022-12-20,2805.2021484375,2832.5853990338933,2798.011787647187,2805.300745358036,11218
2022-12-21,2787.866455078125,2828.941215013419,2777.7208308975773,2798.405986021283,27456
2022-12-22,2714.286376953125,2836.8211963244594,2703.8452027467506,2796.977696715201,42595
2022-12-23,2592.440673828125,2714.2369734462977,2583.6742048569877,2714.2369734462977,65458
2022-12-26,2669.961181640625,2693.6997159325633,2554.8629695941986,2605.3938978214182,47173
2022-12-27,2687.00146484375,2722.8065783545644,2679.220002939103,2683.356985729932,23491
2022-12-28,2671.4384765625,2713.251989635541,2659.519791674356,2687.1492953839224,23105
2022-12-29,2666.61181640625,2707.785171216332,2644.7447016063484,2671.9310003177766,20556
2022-12-30,2668.187744140625,2732.9026737579925,2659.519632058598,2679.9585329346037,34226
2023-01-02,2606.625,2688.922412239044,2596.9718798680165,2688.922412239044,67759
2023-01-03,2596.4794921875,2631.9890568591936,2594.5094773982833,2617.066050542685,44890
2023-01-04,2575.25244140625,2626.0296188541242,2570.229048163996,2604.1132051183763,38448
2023-01-05,2517.974365234375,2606.2801789634054,2489.655403603218,2588.15613971159,75412
2023-01-06,2512.35986328125,2539.348968695901,2474.3384830737405,2512.75377003229,37246
2023-01-09,2529.351318359375,2565.1068941721214,2513.738855061945,2528.1200591239412,33094
2023-01-10,2563.727783203125,2575.3016191276806,2522.209821163755,2542.0083238614097,31212
2023-01-11,2549.49462890625,2583.132534466111,2532.8971584968185,2583.132534466111,17502
2023-01-12,2515.955078125,2568.8006274027402,2505.5632022617965,2549.1990769061367,30966
2023-01-13,2522.50537109375,2543.535375414488,2512.7538939616065,2528.4647139990925,22410
2023-01-16,2518.07275390625,2536.3939872489905,2511.7195044420196,2521.6188766436567,14120
2023-01-17,2460.351318359375,2521.618725227835,2452.6682132098863,2521.618725227835,54586
2023-01-18,2405.63427734375,2480.839687109506,2393.617235386136,2460.351485479304,70073
2023-01-19,2391.548828125,2413.8100930407895,2373.8679922126785,2403.6644680485433,53645
2023-01-20,2344.7607421875,2394.4543158309425,2338.555147670052,2383.7178317067032,45283
2023-01-23,2306.985595703125,2350.4242715030937,2300.6814049622517,2335.4522092739867,44352
2023-01-24,2305.754638671875,2398.492987990766,2295.06721232792,2304.9172862005717,80959
2023-01-25,2267.78271484375,2312.2557053056826,2252.712052665574,2286.2023061813716,67558
2023-01-27,2246.60498046875,2284.921673065332,2216.2667037173537,2279.159523923864,56681
2023-01-30,2224.4912109375,2271.4267100329266,2217.2513114848734,2247.097079144676,27654
2023-01-31,2350.227783203125,2363.9192906097014,2223.8512788686,2229.515071724182,85739
2023-02-01,2291.5703125,2398.4929089606103,2280.9321849719972,2363.032644187476,77248
2023-02-02,2280.833740234375,2304.818524107351,2257.6860682923957,2265.516828363941,26958
2023-02-03,2296.249267578125,2304.917381038781,2254.1402000399166,2282.311508666967,22885
2023-02-06,2265.9599609375,2348.602216446488,2249.855236114112,2309.64513022429,45935
2023-02-07,2139.829833984375,2221.1422374183435,2131.358915208888,2216.2664992161294,184603
2023-02-08,2161.54931640625,2240.8917060050394,2119.7358027792725,2132.5408982421586,101960
2023-02-09,2162.780517578125,2183.3673147891054,2152.2409873835654,2157.609229164503,32521
2023-02-10,2136.727294921875,2176.7677493986753,2121.8535870421492,2159.136213192924,45271
2023-02-13,2152.684326171875,2190.656408690153,2134.5602866086515,2137.367413347785,43389
2023-02-14,2122.543212890625,2165.3910331919847,2117.765830986739,2149.2860666107276,33678
2023-02-15,2101.9072265625,2130.8172903833142,2093.140756761605,2128.2561749123224,31135
2023-02-16,2177.70361328125,2196.5664079918356,2104.5668169613427,2104.5668169613427,59209
2023-02-17,2184.5986328125,2220.6497572937565,2174.9455127508504,2188.637018632367,46396
2023-02-20,2143.819091796875,2195.4826766293845,2131.949705725806,2195.4826766293845,40856
2023-02-21,2166.03125,2176.8663312869485,2127.6159618008187,2152.782948704295,37425
2023-02-22,2139.731689453125,2166.8686922605048,2132.541087114134,2166.0313397524155,16855
2023-02-23,2119.83447265625,2150.4187593339416,2116.4853032855926,2147.3160822879,22332
2023-02-24,2123.3310546875,2157.116855793176,2117.765859203116,2127.320382657876,16597
2023-02-27,2125.547119140625,2142.390839866868,2103.138203459259,2125.645716061012,23292
2023-02-28,2165.63720703125,2176.866194375727,2121.705784020505,2125.547216406693,27563
2023-03-01,2160.6630859375,2186.716484241519,2148.8429968334917,2168.986350585507,20789
2023-03-02,2159.23486328125,2186.617877194638,2154.2112292431475,2161.1062811885986,17799
2023-03-03,2150.468017578125,2171.9412260954487,2147.3160421261123,2170.0698083059037,26057
2023-03-06,2192.62646484375,2215.2816349656755,2161.3524800015266,2161.401778467421,47827
2023-03-08,2178.639404296875,2187.849079151678,2143.376091460785,2161.0076276386694,34645
2023-03-09,2240.15283203125,2253.6966822853688,2172.92608440626,2186.716186483181,81077
2023-03-10,2227.003173828125,2250.741948779815,2190.6564963178594,2233.0118152664513,46716
2023-03-13,2123.035888671875,2235.966895830846,2113.284170697012,2235.9175973626247,63213
2023-03-14,2061.521728515625,2152.1917006235103,2048.8645287130744,2123.6264882786663,67447
2023-03-15,2028.62255859375,2092.1555302030224,2024.1900256907775,2085.3590759439185,47992
2023-03-16,1973.6591796875,2031.0358578421103,1968.044685886888,2023.2050975033371,67526
2023-03-17,1976.367919921875,2027.3913479891935,1970.014670704913,1983.5585215660092,45366
2023-03-20,1955.2396240234375,2009.4150292230795,1945.3895503507754,1946.571511095432,43257
2023-03-21,1974.299560546875,2008.430091046482,1946.522399929104,1966.0254743287642,52064
2023-03-22,1976.811279296875,2004.3421866964554,1972.9697265750333,1984.7405163384678,25224
2023-03-23,2033.8433837890625,2061.6205451401793,1976.811429705857,1996.5607564772197,95409
2023-03-24,1991.8326416015625,2057.4341072200077,1986.6120545380481,2046.845278182251,38388
2023-03-27,1954.8948974609375,2007.0018112898083,1944.5030216297544,1999.5649575633986,41952
2023-03-28,1915.937744140625,1964.055328429449,1910.914230777848,1958.145284416734,49381
2023-03-29,1913.2783203125,1943.173269643601,1903.1326964073746,1903.1326964073746,54995
2023-03-31,1914.164794921875,1963.070312726512,1906.97419330766,1915.740782603851,51382
2023-04-03,2062.654541015625,2087.082769634787,1914.3616470424188,1914.3616470424188,306073
2023-04-05,2095.7509765625,2117.7659889655065,2069.205074238743,2073.4406543127398,80158
2023-04-06,2115.99267578125,2137.465883443703,2057.680290559399,2088.2648159277765,47812
2023-04-10,2220.20654296875,2230.4998215692385,2117.815078135973,2131.5065839612707,123718
2023-04-11,2327.769287109375,2359.092568473688,2193.4143827420776,2219.221526835582,252679
2023-04-12,2449.1220703125,2462.5182658709577,2316.737184531397,2341.3623671901064,287325
2023-04-13,2456.953369140625,2508.764615458033,2388.6430079580236,2457.593527775369,179303
2023-04-17,2342.052001953125,2431.4414217882445,2324.7650743186996,2424.103164895089,123585
2023-04-18,2358.945068359375,2378.792871279579,2298.4654697040733,2339.392575274948,110102
2023-04-19,2311.024169921875,2387.65778896747,2295.0670991312727,2349.242502758835,47980
2023-04-20,2188.292236328125,2333.482211011076,2172.4828216272854,2311.3195475464286,138977
2023-04-21,2151.699462890625,2240.941233506707,2133.2305733161324,2202.7721950527553,136184
2023-04-24,2157.855712890625,2167.0163300181307,2141.5537919482867,2161.106285481718,46159
2023-04-25,2110.821533203125,2173.911304476217,2098.0657356295164,2161.056909971719,82172
2023-04-26,2065.708251953125,2132.3934478752553,2053.740507776202,2121.4597691237386,136890
2023-04-27,2067.431640625,2097.4253040588665,2064.575215764769,2077.9221122260997,68845
2023-04-28,2068.81103515625,2096.243346226641,2059.2072132623125,2088.215632322809,67995
2023-05-02,2192.97119140625,2248.673164195655,2081.616063329971,2089.9393272713514,330502
2023-05-03,2263.59619140625,2275.268384229191,2185.2881069898276,2202.4764371713322,222426
2023-05-04,2249.26416015625,2298.022021302619,2237.936576253558,2275.3668534972353,100313
2023-05-05,2195.58154296875,2264.3351090994584,2178.8364167998543,2256.652003114135,50147
2023-05-08,2322.9921875,2332.940617478657,2195.5813901775628,2195.5813901775628,198286
2023-05-09,2351.26171875,2380.614984325998,2334.4672962233044,2343.0368116197105,133455
2023-05-10,2321.416259765625,2371.7502356115274,2296.150915387909,2371.7502356115274,68918
2023-05-11,2346.5830078125,2363.918992513533,2324.223389541788,2324.223389541788,69091
2023-05-12,2335.79736328125,2354.019999940178,2324.2235264843634,2346.730800988415,37328
2023-05-15,2354.51220703125,2358.1073873486675,2324.7157373289538,2351.5078867833904,42090
2023-05-16,2375.788330078125,2413.267906269514,2355.152475057309,2368.3024188203262,77482
2023-05-17,2330.28125,2378.7435658477166,2314.7673834936068,2378.7435658477166,46099
2023-05-18,2342.052001953125,2369.878460469292,2329.5424563091774,2341.3132464172977,32895
2023-05-19,2271.91943359375,2344.3667716706573,2262.906712609466,2341.263854256168,77190
2023-05-22,2134.806640625,2213.508637702403,1851.813959283162,1969.9655518339127,1123040
2023-05-23,2177.949951171875,2247.786879410149,2151.7486582258857,2152.2411619242666,347924
2023-05-24,2129.832275390625,2191.493835539029,2122.2970648852233,2177.9499836317004,108997
2023-05-25,2122.93701171875,2157.7078179698606,2117.7657233245855,2145.3459280934635,46907
2023-05-26,2126.384765625,2152.9799659362334,2107.915876519977,2133.919976187719,42370
2023-05-29,2110.574951171875,2150.2707907788745,2101.0204291027662,2150.2707907788745,50360
2023-05-30,2089.44677734375,2133.131948173559,2078.6116968248193,2124.660789030274,59763
2023-05-31,2073.391357421875,2111.8559459514317,2067.0874060141527,2111.8559459514317,44110
2023-06-01,2084.915771484375,2110.870812099659,2074.6717909402273,2082.798101812753,38924
2023-06-02,2111.806396484375,2130.5708340341344,2090.3331888035045,2094.1255631791814,50656
2023-06-05,2138.106201171875,2151.059192676494,2114.61391913978,2137.41674409292,51345
2023-06-06,2138.303466796875,2151.256218255872,2122.6910029035735,2151.256218255872,33994
2023-06-07,2136.38232421875,2145.69083596898,2124.660833061115,2138.303280916612,34525
2023-06-08,2145.1982421875,2164.110334231079,2131.555794905069,2131.555794905069,59112
2023-06-09,2124.020751953125,2155.9348947512626,2117.864455851608,2145.1984105423435,27185
2023-06-12,2134.06787109375,2151.2069039871053,2116.7809427993925,2127.6653228721602,35389
2023-06-13,2163.91357421875,2189.572824264608,2131.3097335184943,2137.3674327561243,76087
2023-06-14,2207.992431640625,2216.2663966627147,2168.887449946385,2191.641214477573,82724
2023-06-15,2215.478271484375,2240.8915067781804,2195.8274248286853,2221.191361663647,69468
2023-06-16,2227.249267578125,2238.9217008379696,2209.470077340232,2224.047993698792,46560
2023-06-19,2333.925537109375,2355.152492868048,2232.075876813601,2250.347810623882,172447
2023-06-20,2401.004638671875,2409.278603959862,2335.5016519543547,2335.5016519543547,177515
2023-06-21,2364.65771484375,2422.0343909493213,2349.2424465542877,2413.3172204987154,82944
2023-06-22,2303.2919921875,2359.535766586141,2290.1913465689386,2334.516676532285,59183
2023-06-23,2254.7802734375,2319.6921573600434,2241.6796284442485,2314.6685240118595,49964
2023-06-26,2219.07421875,2269.5065541126446,2205.4317688292845,2269.5065541126446,48547
2023-06-27,2286.2021484375,2294.082207544566,2225.476539135801,2231.0417346880386,74235
2023-06-28,2296.1015625,2320.677449190567,2287.187197377121,2301.66675815334,43335
2023-06-30,2281.81884765625,2322.6473546277534,2275.367001352888,2317.1805156842847,40880
2023-07-03,2277.9111328125,2324.8028033865417,2275.338913952786,2304.0279698243644,51119
2023-07-04,2261.68701171875,2290.17826259908,2250.607147910543,2290.17826259908,39237
2023-07-05,2253.772705078125,2277.1197584864417,2238.735730359523,2261.686927721906,33103
2023-07-06,2265.4462890625,2274.4980848310297,2245.7102441501406,2256.542788363128,34211
2023-07-07,2274.943359375,2302.049474889592,2243.9294032738794,2255.553417597022,56027
2023-07-10,2212.025146484375,2280.1862898540944,2203.121646341996,2274.943310766346,53008
2023-07-11,2185.41357421875,2224.539316014454,2177.4993522184436,2224.539316014454,51124
2023-07-12,2161.671142578125,2206.534748492573,2148.711506038433,2187.243830275377,57817
2023-07-13,2133.229248046875,2175.4218489630803,2129.024817461112,2161.670984362331,47129
2023-07-14,2191.547119140625,2215.9822320555872,2126.947231660497,2133.22924218642,58869
2023-07-17,2187.046142578125,2255.256806263028,2174.3833370079055,2214.993243574543,66791
2023-07-18,2189.271728515625,2209.0572841280573,2162.5612284388417,2200.1042719088528,30234
2023-07-19,2183.88037109375,2211.1350242285025,2181.357664265867,2200.9949262426862,25981
2023-07-20,2190.3603515625,2219.939664927179,2173.888729188386,2184.3256596074916,31074
2023-07-21,2169.53564453125,2189.4199826362133,2156.9718652568495,2186.3038542946783,26818
2023-07-24,2170.030517578125,2200.0056853096594,2147.7222533303816,2169.535878643687,33921
2023-07-25,2169.53564453125,2196.1966319159214,2150.689854858204,2183.97895494453,34130
2023-07-26,2161.32470703125,2182.198565543769,2154.6965939731535,2182.198565543769,20552
2023-07-27,2148.71142578125,2176.3616925552074,2141.786481038861,2167.5077043677343,27496
2023-07-28,2154.152587890625,2166.5185614146812,2143.864194527778,2159.840935711691,33888
2023-07-31,2164.58935546875,2192.190109694753,2155.2407284904525,2176.4111769663277,35477
2023-08-01,2179.62646484375,2186.3040904594063,2161.5721437347524,2184.1277274522204,24938
2023-08-02,2200.895751953125,2245.6110595259615,2164.5893055519264,2192.2395713352626,128856
2023-08-03,2216.625244140625,2228.6946267268318,2181.407098767758,2201.143142913117,41742
2023-08-04,2209.255126953125,2240.367865350074,2198.1257517419263,2240.367865350074,42901
2023-08-07,2199.906494140625,2250.6069810769745,2191.5471450869186,2235.7678141687743,34933
2023-08-08,2179.52734375,2206.040037767141,2176.213407949674,2199.807539164458,24196
2023-08-09,2172.849609375,2185.660949785309,2167.7054132472726,2179.5272343592437,16001
2023-08-10,2175.91650390625,2190.854695177371,2167.606667061073,2172.849646141324,18627
2023-08-11,2177.845458984375,2196.6912484658383,2168.8924470235866,2180.3681655567248,26266
2023-08-14,2158.505126953125,2181.35754065486,2148.6618611853623,2181.308028460469,20686
2023-08-16,2084.50732421875,2144.5069254666087,2074.5155219483236,2126.155774190097,201591
2023-08-17,2016.6923828125,2076.988818669826,2006.7005800501734,2039.94041198075,166315
2023-08-18,2055.471923828125,2095.2408425974913,1980.781450840988,2024.1118662559861,93952
2023-08-21,2048.10205078125,2069.5693325514103,2033.3123947255838,2065.5627088181295,28071
2023-08-22,2047.4588623046875,2058.3409189558374,2039.9404953503717,2047.8052061709373,20063
2023-08-23,2067.838134765625,2095.290596547587,2045.8267014449527,2058.588289772262,35428
2023-08-24,2093.31201171875,2103.303815000111,2064.2766090869227,2067.590786622017,54053
2023-08-25,2104.49072265625,2116.0652246689333,2072.5370012535836,2102.215335400413,39690
2023-08-28,2122.693359375,2128.925857914181,2091.1850058804866,2118.9835675686904,37911
2023-08-29,2266.8310546875,2298.8342881319777,2123.039671347348,2132.882937154403,407377
2023-08-30,2291.958984375,2331.3815620106325,2275.339068094768,2294.1353473529425,233725
2023-08-31,2223.896728515625,2309.271459947834,2211.0361157617535,2297.103293422278,125850
2023-09-01,2202.923828125,2222.9071911516457,2177.400412872618,2218.109097267415,125266
2023-09-04,2225.133056640625,2252.7338102172052,2211.035848212425,2215.9327249407993,52551
2023-09-05,2200.15380859375,2245.611074814747,2188.876138378283,2244.6713092172745,61864
2023-09-06,2202.6767578125,2233.937794556669,2178.4889614482167,2205.1004403643046,50101
2023-09-07,2221.86865234375,2238.8349132512353,2202.8745649585608,2211.926361139049,42188
2023-09-08,2211.77783203125,2243.781065335573,2198.274286727304,2222.857695039988,56137
2023-09-11,2262.626708984375,2299.0816938982507,2216.9716334018844,2225.875133937635,139759
2023-09-12,2195.50439453125,2292.2063049731264,2186.2545499667744,2283.5006115341344,84806
2023-09-13,2168.645263671875,2225.8750818294056,2154.647079210865,2198.1753030333066,71787
2023-09-14,2205.8916015625,2220.433936356357,2178.735975305714,2186.303853574315,39702
2023-09-15,2183.6826171875,2234.7787228968914,2176.411328186437,2217.8127039249694,43848
2023-09-18,2204.902587890625,2216.922217526957,2177.400614514033,2188.8268223359437,54438
2023-09-20,2224.490234375,2229.8322380699974,2179.6263879892285,2223.8965710653742,60568
2023-09-21,2220.879150390625,2229.881674986211,2189.2717729626447,2229.881674986211,50834
2023-09-22,2209.255126953125,2234.778542408721,2190.607385401878,2232.0085162737983,45635
2023-09-25,2215.092041015625,2226.7653259554895,2187.1449428826777,2221.0769785478988,36277
2023-09-26,2226.616943359375,2234.7289727780203,2197.1859296684092,2221.3242106746993,46648
2023-09-27,2216.2294921875,2235.372113369283,2202.3796036078215,2226.5673964298967,36991
2023-09-28,2160.681640625,2234.679423457412,2155.092076397275,2224.044687594507,39801
2023-09-29,2150.937255859375,2191.2008139999953,2146.7328252109205,2175.4218814003752,37271
2023-10-03,2153.26220703125,2162.0171708546354,2131.893709436552,2162.0171708546354,30205
2023-10-04,2172.6025390625,2206.089692210378,2137.9285422754683,2141.7866294329456,66170
2023-10-05,2191.6953125,2194.2180190320487,2165.429940297632,2172.4539088342553,37480
2023-10-06,2193.130126953125,2199.2143310824126,2169.140137363434,2191.6957222719357,47930
2023-10-09,2169.53564453125,2182.346743246181,2143.665886137965,2171.5142000554983,42461
2023-10-10,2187.936279296875,2191.25045673225,2159.692589653037,2162.5613988337236,35776
2023-10-11,2207.870361328125,2214.003835714082,2188.2826115279486,2191.250445087887,36202
2023-10-12,2195.50439453125,2225.8751764114813,2181.407185080644,2207.62304826949,37528
2023-10-13,2173.54248046875,2198.0763781519327,2166.5185110611665,2181.357678945147,20565
2023-10-16,2169.338134765625,2185.413900604621,2161.5722066588482,2176.3618629261396,26444
2023-10-17,2172.25634765625,2190.904090183426,2168.4970435280334,2180.6156971700125,12723
2023-10-18,2171.217529296875,2182.544712207898,2163.402331006189,2172.256319328652,20372
2023-10-19,2137.780029296875,2186.551478062254,2106.073624303275,2156.6258215929024,35951
2023-10-20,2102.8583984375,2153.6579134460485,2097.2690751059363,2153.6579134460485,25510
2023-10-23,2078.769775390625,2116.0655052762745,2068.6296765457996,2107.062979448768,24300
2023-10-25,2032.9659423828125,2099.0002375915974,2024.4086649937278,2078.769554255435,42016
2023-10-26,2008.38232421875,2033.955130870449,1987.1128517899003,2032.9658530830607,42443
2023-10-27,2070.608154296875,2082.4299768824303,2009.2234123744495,2009.2234123744495,22781
2023-10-30,2016.791259765625,2077.384405715631,2011.3007195386176,2077.384405715631,29091
2023-10-31,2023.7161865234375,2028.0195208666446,2010.2620323909541,2026.3873090809623,17838
2023-11-01,2013.031982421875,2028.0195658043788,2008.2340090648238,2027.970053607948,14967
2023-11-02,2023.27099609375,2046.8158570605071,1998.341242756029,2023.0731888297423,29921
2023-11-03,2019.8084716796875,2045.6782315209853,2018.3245549534417,2035.439109500726,13951
2023-11-06,2066.552001953125,2087.376349861781,2021.8366895876845,2039.742716022682,54127
2023-11-07,2053.592529296875,2075.158593290092,2042.8587679746224,2067.3929070519753,22935
2023-11-08,2042.314453125,2086.3868262805986,2037.5658715031395,2053.5923646672804,41529
2023-11-09,1989.140869140625,2008.2339794170034,1983.749353313274,2008.2339794170034,72181
2023-11-10,2003.28759765625,2031.382991305575,1978.555652006173,1978.555652006173,46964
2023-11-13,2009.9652099609375,2043.847975282046,1995.2249462966904,2019.1160297921858,28612
2023-11-15,2002.891845703125,2028.0195264267518,1993.3948028048317,2022.083859520137,41140
2023-11-16,2013.5264892578125,2056.7084881615456,2002.8917532079151,2002.8917532079151,49238
2023-11-17,2024.161376953125,2038.4565142875572,1983.6009852590132,2026.9807946624976,40927
2023-11-20,2007.8382568359375,2045.777037411622,2000.3197694906373,2028.019548692288,37389
2023-11-21,2008.3328857421875,2027.0302607624185,2005.3156608367726,2022.9247336417704,18456
2023-11-22,2007.9371337890625,2017.137465777671,1996.313119457092,2009.173731058421,26349
2023-11-23,1997.2034912109375,2018.1267411352921,1993.394795778242,2018.0772289399974,31359
2023-11-24,1997.7476806640625,2012.438432335878,1995.3733897119162,1998.440126842772,19732
2023-11-28,1993.4443359375,2018.1267694454993,1983.5515576559044,2003.2380898271167,32630
2023-11-29,1996.9561767578125,2007.145786575013,1989.5861053275376,1993.8399274827307,27695
2023-11-30,1995.175537109375,2009.2232337180371,1991.5151367525746,2008.2339559072454,29202
2023-12-01,1996.0657958984375,2015.9503765579934,1987.0633919483105,2008.2339613084835,30507
2023-12-04,2000.31982421875,2020.1053813326844,1997.35199065166,2020.0558691353167,27921
2023-12-05,2034.74658203125,2051.0201531742614,2003.2875003872564,2003.2875003872564,82707
2023-12-06,2282.857666015625,2349.534896576678,2038.9016513029615,2047.0631935752804,1769793
2023-12-07,2322.082275390625,2343.5495549701554,2233.8387454803383,2265.446122332317,346907
2023-12-08,2272.17333984375,2336.0805419490903,2246.25430932635,2324.8028714372376,115221
2023-12-11,2242.940185546875,2275.3390348474195,2215.9823643731393,2275.2400104541316,98062
2023-12-12,2208.7109375,2269.4032258734724,2197.6310746756412,2243.6324914163197,72500
2023-12-13,2211.876953125,2225.677330675639,2179.6263989616996,2219.7416636411353,48245
2023-12-14,2200.45068359375,2254.5641315578014,2196.1967407013244,2225.875075035126,51791
2023-12-15,2320.202880859375,2364.374039848212,2201.0936838963717,2201.0936838963717,465839
2023-12-18,2373.178466796875,2423.6316356383054,2327.3255847341416,2333.5085711117677,315176
2023-12-19,2386.9296875,2435.602110286437,2374.2668824888096,2395.0417177105865,117708
2023-12-20,2248.33154296875,2413.837762444195,2225.924498053579,2387.028238227563,155537
2023-12-21,2340.18603515625,2360.911355761458,2205.1001097809717,2243.6819421189966,125373
2023-12-22,2339.83984375,2389.1059273261512,2300.8623943812527,2364.3739819086964,67027
2023-12-26,2586.56591796875,2621.5862566369256,2369.815048216511,2384.1595767905624,1412772
2023-12-27,2641.322265625,2695.782057888016,2586.961497753087,2616.6398323353405,729154
2023-12-28,2580.234375,2641.322280697055,2563.317869105329,2641.322280697055,223938
2023-12-29,2639.887939453125,2661.0583888077213,2557.3822634745475,2591.907963787591,309097
2024-01-01,2668.72509765625,2705.6747192244698,2628.80788428088,2646.3180526235674,237557
2024-01-02,2583.350830078125,2690.341133769443,2562.2296512089933,2668.7253159715065,236949
2024-01-03,2563.9111328125,2597.7938962315916,2552.583950718579,2596.854130660312,83053
2024-01-04,2643.54833984375,2680.9430925387273,2567.2256469365493,2580.036747358303,257622
2024-01-05,2602.14697265625,2660.168019347472,2579.987004896327,2660.168019347472,103094
2024-01-08,2545.016357421875,2621.4873439286516,2527.6049702155283,2621.4873439286516,92867
2024-01-09,2499.80615234375,2602.2954362541645,2483.433796818497,2572.567587965001,91240
2024-01-10,2480.564453125,2512.7654922854404,2461.3230491362897,2502.8232025645366,83772
2024-01-11,2469.88037109375,2504.9504630083543,2454.101438179553,2497.9264938817428,48967
2024-01-12,2526.9619140625,2558.2724606785796,2476.75606434114,2483.482960346563,109057
2024-01-15,2477.745361328125,2559.9542044756054,2471.265543206443,2552.3368134532143,64258
2024-01-16,2464.93408203125,2501.4880921583626,2413.8379771968835,2497.9265952549717,73260
2024-01-17,2428.281494140625,2457.5639734291644,2414.8272188439237,2429.864193778353,50995
2024-01-18,2370.012939453125,2456.2779212159426,2308.974543317816,2441.191433732825,110044
2024-01-19,2449.10546875,2481.8011480747646,2391.67808615223,2398.0093674108225,59242
2024-01-23,2335.09130859375,2448.1658136068104,2329.749304885978,2440.597934766982,80226
2024-01-24,2362.345947265625,2386.4349590497854,2292.7008846008744,2349.831679317757,62033
2024-01-25,2341.076416015625,2379.21312374658,2333.805369054299,2377.9270142940286,25877
2024-01-29,2324.65478515625,2354.481417427516,2311.1509968190126,2353.0965249676115,34971
2024-01-30,2274.59716796875,2335.0914137848463,2265.44634756918,2325.7922983122894,42846
2024-01-31,2412.5517578125,2468.1986348757246,2254.564139148246,2274.844334344621,217630
2024-02-01,2362.29638671875,2414.2829839570722,2329.7492433674906,2373.2774670227645,74698
2024-02-02,2301.703125,2383.86269560258,2295.1245241584484,2363.829819906801,56848
2024-02-05,2227.95263671875,2299.427957984643,2206.930483405252,2296.113780735472,81023
2024-02-06,2252.684814453125,2280.285571397969,2217.9610633727752,2225.8752866140694,50318
2024-02-07,2235.2236328125,2268.26565559444,2223.896450530525,2252.6845305517995,36882
2024-02-08,2236.2626953125,2312.78343756751,2216.97177624212,2235.2239052118175,59108
2024-02-09,2177.20263671875,2254.5641125935535,2149.700665496179,2236.2624732416534,71685
2024-02-12,2159.3955078125,2209.0572022545316,2151.679093105063,2178.7359360114237,55019
2024-02-13,2159.1484375,2173.196134780432,2109.5360080025534,2163.5506756639606,42654
2024-02-14,2146.188720703125,2154.6470943781987,2118.8352855585877,2132.8829823137726,41918
2024-02-15,2210.5908203125,2254.5146592953583,2149.0082754790915,2156.6256664551083,75884
2024-02-16,2242.00048828125,2311.892873287205,2210.0467647301207,2246.650045972294,73839
2024-02-19,2266.485107421875,2299.8237232635356,2222.9568812368675,2244.5231870603866,52394
2024-02-20,2278.504638671875,2294.778210591661,2250.607052306112,2265.396707488114,34747
2024-02-21,2267.91943359375,2319.856519859256,2252.7834344346493,2287.2103513495094,60787
2024-02-22,2243.53369140625,2276.03132129644,2235.767764288392,2267.919291872185,19872
2024-02-23,2214.05322265625,2255.701673010804,2201.1430990962963,2245.7101121713426,37834
2024-02-26,2222.363037109375,2234.7785216453176,2181.3575211278994,2234.7785216453176,45869
2024-02-27,2192.78369140625,2240.714151102067,2180.81333376913,2193.3771131550575,35517
2024-02-28,2162.21484375,2205.2484263938923,2156.62552100426,2192.783671507327,24201
2024-02-29,2150.442626953125,2170.4755024888586,2128.925834711041,2152.668502012651,29538
2024-03-01,2172.3056640625,2196.394432584332,2152.5693795489287,2170.4754035988963,30915
2024-03-04,2172.800537109375,2215.042653673487,2162.5614145894124,2181.505989109883,33463
2024-03-05,2368.23193359375,2400.9276118737685,2166.0236560128924,2186.0565306574513,1279540
2024-03-06,2292.354736328125,2405.874377074113,2276.476777487826,2376.2950640248528,233353
2024-03-07,2312.090576171875,2350.0294774367735,2293.1955145947572,2293.1955145947572,88123
2024-03-11,2199.75830078125,2312.7832939574782,2178.3898028363615,2312.7832939574782,77590
2024-03-12,2133.229248046875,2206.237755353103,2108.200471784694,2199.8569619451714,79167
2024-03-13,2019.16552734375,2142.3801271852008,2008.233959211932,2134.8120070064483,136704
2024-03-14,2035.5872802734375,2076.4940121383925,1987.6568212468553,2019.165414419426,84568
2024-03-15,2078.423095703125,2106.8648317702477,2035.9336635178631,2036.675621850049,69139
2024-03-18,2059.428955078125,2106.864774863374,2049.7834970202352,2082.429662754631,39908
2024-03-19,2036.1314697265625,2092.025664055957,2031.7292319290916,2059.4290096498535,37688
2024-03-20,2014.862060546875,2054.680492265474,2010.212503160091,2036.1315333903503,33895
2024-03-21,2040.2371826171875,2064.227169445657,2032.9658941239338,2054.1363425922677,39570
2024-03-22,2084.111572265625,2141.786518505007,2043.8480125779881,2043.8480125779881,181950
2024-03-26,2029.948486328125,2084.1114446220117,2023.0730540821557,2077.5328440137387,92896
2024-03-27,2043.8975830078125,2075.0103235836614,2028.1186493523676,2028.1186493523676,108869
2024-03-28,2023.3204345703125,2063.583993006723,2011.4986130823906,2055.719282746417,74636
2024-04-01,2075.949951171875,2096.279658267106,2027.030212264889,2028.0194900649208,61458
2024-04-02,2098.208740234375,2115.0759753394887,2057.6978618831317,2087.376196429523,45367
2024-04-03,2100.83056640625,2141.4897416604513,2092.322680175566,2111.118959571942,55586
2024-04-04,2249.321044921875,2292.2063371994973,2112.652403777937,2128.7776813650075,587175
2024-04-05,2214.3994140625,2277.7627078363994,2186.3040200966657,2249.4199944112784,111973
2024-04-08,2158.703125,2233.8882357454763,2147.722045110911,2231.7116314266345,70965
2024-04-09,2244.028564453125,2299.0322693915236,2158.70334773104,2158.70334773104,242686
2024-04-10,2273.90478515625,2302.791651783282,2201.143346672882,2252.5857979209677,254669
2024-04-12,2244.819580078125,2293.096384094023,2225.8750071817144,2273.90449175237,79806
2024-04-15,2171.217529296875,2229.3376021280365,2134.1691226648272,2225.875129704052,69895
2024-04-16,2204.60546875,2224.193216530122,2149.997385183364,2149.997385183364,46741
2024-04-18,2180.76416015625,2235.7185971667514,2176.411433897627,2223.9462864743864,41009
2024-04-19,2149.651123046875,2169.4861910185414,2130.409718357697,2136.8895361794544,41342
2024-04-22,2165.628173828125,2219.8899173778873,2151.728772143193,2171.4153041652753,36814
2024-04-23,2204.2099609375,2230.8214371259846,2175.3723681779848,2180.368269368368,52596
2024-04-24,2220.483642578125,2255.5534939937525,2204.457389741173,2255.5534939937525,56125
2024-04-25,2212.17333984375,2235.767710745507,2191.794363146262,2214.0036002869224,28129
2024-04-26,2197.532470703125,2232.750617601898,2186.304070384068,2232.750617601898,26646
2024-04-29,2179.280029296875,2218.4060156738083,2172.454108897208,2187.3427885036576,41387
2024-04-30,2168.84326171875,2195.949376583125,2164.5398067187193,2186.3039181208273,28541
2024-05-02,2152.371826171875,2176.015712318327,2147.7222684599865,2170.3766352076746,22544
2024-05-03,2130.3603515625,2181.3576733645627,2117.4502272318823,2163.897015808248,46823
2024-05-06,2104.243408203125,2156.6256197921193,2088.365451092277,2133.77320583562,47629
2024-05-07,2067.8876953125,2118.143062216331,2051.8119290282925,2107.161980637639,48384
2024-05-08,2272.272216796875,2398.0095292334204,2048.1019989530773,2067.88755612497,893083
2024-05-09,2162.858154296875,2275.338994548907,2150.78901315211,2275.338994548907,205604
2024-05-10,2162.066650390625,2225.726773974225,2118.0437879141286,2169.189402306961,95496
2024-05-13,2168.447509765625,2196.19680143975,2119.3794738904467,2126.9473527457035,80452
2024-05-14,2133.37744140625,2198.0761088443805,2122.0007474224003,2177.795915220996,68465
2024-05-15,2144.358642578125,2196.147190172909,2130.904367972482,2137.8293125294954,55990
2024-05-16,2156.031982421875,2185.314702477545,2146.732867531133,2147.6726331547334,38179
2024-05-17,2187.886962890625,2208.0681341744535,2162.413058564912,2166.468952786522,39511
2024-05-21,2239.03271484375,2268.31519571074,2219.9396031078013,2252.882605415724,49819
2024-05-22,2214.350341796875,2261.439826150628,2206.089774507372,2239.032777740701,34326
2024-05-23,2189.6181640625,2254.5146442757987,2186.3039867494417,2235.76787785237,28729
2024-05-24,2167.8046875,2229.2882117213862,2161.671212889871,2206.633844661694,36559
2024-05-27,2153.558837890625,2176.9058915736996,2141.7865281786226,2167.804583730825,28466
2024-05-28,2123.138427734375,2181.159714904129,2112.6027159031833,2161.571966400588,38512
2024-05-29,2128.2333984375,2155.2407309231007,2115.0759552754994,2136.8400670697283,26502
2024-05-30,2089.354736328125,2141.7864602984805,2086.040559052913,2127.738763690249,23252
2024-05-31,2070.805908203125,2111.0199571420085,2058.9840859222422,2106.1725921721977,49095
2024-06-03,2077.43408203125,2145.6942572702665,2068.1844785611675,2116.0654324095103,44299
2024-06-04,2023.3204345703125,2096.8238239278567,1938.9845015317503,2077.4338823033786,88471
2024-06-05,2086.486083984375,2117.0546740234895,2019.6603145441427,2024.0625528280652,40977
2024-06-06,2101.868896484375,2126.4030332405664,2095.4881032360136,2117.0544067117676,21629
2024-06-07,2130.656982421875,2161.5719125208575,2101.918415097283,2113.1963265111262,64209
2024-06-10,2159.3955078125,2194.860970019603,2137.087246381707,2147.6724699374627,51905
2024-06-11,2176.312255859375,2201.1432266205293,2159.741851793805,2176.361768056691,29504
2024-06-12,2164.98486328125,2197.086878254773,2156.6255145226555,2179.3789029786285,35635
2024-06-13,2221.81884765625,2225.8749831235436,2156.6255392041444,2171.4647057583015,86699
2024-06-14,2200.401123046875,2243.187387437918,2196.196692441975,2225.8750261236232,51172
2024-06-18,2222.808349609375,2275.09178165076,2191.1514577677294,2201.143260864416,90979
2024-06-19,2219.593017578125,2265.297844707906,2193.228861076019,2235.7678060585486,105017
2024-06-20,2371.743896484375,2393.0628803288814,2210.4421108347688,2225.8749403637794,617614
2024-06-21,2372.8818359375,2480.119453221107,2333.4095066665504,2398.9986733391243,381465
2024-06-24,2332.173095703125,2408.8916437925604,2325.7923016658356,2386.138252495957,103043
2024-06-25,2303.5830078125,2347.70465542803,2295.1246338100395,2334.6957481860745,62298
2024-06-26,2299.576171875,2371.4471051160126,2241.9507418850158,2305.0171995993765,101695
2024-06-27,2280.13720703125,2356.6577057564114,2270.739067217809,2299.576420667779,81805
2024-06-28,2265.001220703125,2301.7032851737436,2250.607179230277,2280.285515659687,47778
2024-07-01,2346.616455078125,2374.266721298669,2265.0505487280902,2275.3389412445576,113161
2024-07-02,2395.833251953125,2433.623619198699,2364.423678819158,2372.7830287187317,196281
2024-07-03,2402.2138671875,2422.5435746996186,2376.0475171446665,2410.672240855801,65676
2024-07-04,2392.027587890625,2429.194849290984,2365.295012685883,2402.015121773684,78435
2024-07-05,2363.05908203125,2413.7913400157304,2355.9036743197325,2413.7913400157304,70453
2024-07-08,2316.251953125,2385.0711948943476,2307.556381060281,2385.021457386723,55530
2024-07-09,2334.2890625,2350.2392753612207,2299.6062476886723,2323.456960715694,57648
2024-07-10,2309.4443359375,2352.2265966225127,2265.817508158157,2345.3198768654606,47473
2024-07-11,2311.680419921875,2350.2888561080026,2305.5687721651443,2350.2888561080026,37807
2024-07-12,2346.263916015625,2405.791460083461,2315.3575157927553,2315.3575157927553,112443
2024-07-15,2363.506103515625,2381.0959541516995,2316.500279268619,2353.2701249712954,63300
2024-07-16,2322.413330078125,2414.884576051747,2289.6683387749895,2384.5245588860403,90025
2024-07-18,2303.03466796875,2341.046740680508,2289.668379814112,2334.0405454210013,38472
2024-07-19,2249.867431640625,2330.413322284935,2234.016694454812,2315.456889751843,49713
2024-07-22,2265.32080078125,2295.5813437829706,2159.880678743248,2159.880678743248,58359
2024-07-23,2272.376708984375,2307.556412540196,2186.315291812417,2247.979369362706,73858
2024-07-24,2276.0537109375,2325.444513839521,2248.2776166577055,2292.649783516143,76416
2024-07-25,2258.8115234375,2292.8982157148607,2241.917268516207,2241.917268516207,33555
2024-07-26,2353.86669921875,2432.7727105091785,2270.2399917217986,2285.6933146123815,318694
2024-07-29,2394.41259765625,2472.523775390616,2379.0587505497047,2379.108488056726,165334
2024-07-30,2447.182373046875,2518.2376175840736,2369.1706710025383,2372.1520099341687,230088
2024-07-31,2484.20068359375,2494.33718751366,2433.816103792033,2469.542433735561,129412
2024-08-01,2446.93408203125,2533.8898063393967,2435.803797844207,2495.6292876438124,121989
2024-08-02,2424.474365234375,2464.5734701544293,2400.0275320310307,2432.7725221524365,66008
2024-08-05,2269.1962890625,2366.5866918998945,2260.848637296657,2327.481609395005,140417
2024-08-06,2278.33935546875,2360.2267027599196,2265.8673721571367,2285.593752920695,72113
2024-08-07,2373.791748046875,2399.9779398011633,2295.1341830106776,2344.3262774289624,109995
2024-08-08,2208.4765625,2304.5750060340292,2195.2592446438857,2272.6745822522935,377215
2024-08-09,2208.5263671875,2241.569541521926,2192.3277098916383,2236.0042782694363,83333
2024-08-12,2179.656982421875,2220.103766163755,2158.092012268675,2220.103766163755,63035
2024-08-13,2110.53955078125,2188.302809097263,2092.8999618341672,2186.315249779282,87722
2024-08-14,2105.47119140625,2155.0112047835964,2076.2541662873546,2110.7880096658328,89353
2024-08-16,2160.47705078125,2171.1601824720956,2135.632558476958,2171.1601824720956,56611
2024-08-19,2139.160400390625,2195.358687236099,2134.63865453005,2160.4769250224995,60579
2024-08-20,2138.265869140625,2186.315211868436,2133.296970931833,2139.607568705792,57302
2024-08-21,2132.94921875,2145.6696462423342,2111.781664599269,2111.781664599269,56176
2024-08-22,2169.023681640625,2223.582090407867,2142.589044433234,2143.682299157764,125838
2024-08-23,2166.986328125,2189.445603302979,2150.539225908923,2186.017111933946,56289
2024-08-26,2158.9365234375,2195.2592176868648,2151.532913667751,2195.2592176868648,49814
2024-08-27,2209.221923828125,2216.0789064399746,2160.7751653561804,2170.7626994732555,83965
2024-08-28,2180.054443359375,2227.0602709174163,2174.439685195908,2209.2219741214367,32870
2024-08-29,2194.563720703125,2235.0105052438325,2170.414825901525,2195.9549152093928,95989
2024-08-30,2210.513916015625,2217.5198686232343,2186.315283892833,2206.240614890891,34692
2024-09-02,2184.4765625,2231.233941885242,2176.476830701092,2231.233941885242,30908
2024-09-03,2183.781005859375,2210.165903638084,2176.4271336244797,2201.2218869417065,31220
2024-09-04,2192.32763671875,2225.0726275320853,2167.4334080605086,2176.3774248750633,68736
2024-09-05,2205.644287109375,2233.022966126333,2194.2655581695344,2194.2655581695344,44083
2024-09-06,2221.09765625,2279.2337694001676,2206.19096057047,2210.066604398348,150759
2024-09-09,2206.737548828125,2236.8986169786526,2191.433195961835,2236.00431230253,32928
2024-09-10,2283.80517578125,2304.1279216783646,2215.1846404692988,2215.2343779776124,98211
2024-09-11,2277.1962890625,2335.431872542413,2252.4512732762255,2335.3821350364206,64414
2024-09-12,2252.451416015625,2303.5813327941855,2240.973212015051,2282.2150693536873,34807
2024-09-13,2260.202880859375,2292.0533250633334,2252.451350938656,2252.451350938656,37347
2024-09-16,2275.75537109375,2309.543878786845,2263.8300154373637,2271.829990047919,48881
2024-09-17,2287.233642578125,2295.531557229714,2252.749536635462,2255.8798455397277,39821
2024-09-18,2330.76123046875,2417.865920911911,2287.730522521629,2298.662098818395,485980
2024-09-19,2334.636962890625,2409.9655127610326,2290.6622111154156,2361.2205698959774,147552
2024-09-20,2291.904296875,2362.015499066402,2281.9167629593435,2362.015499066402,93217
2024-09-23,2300.50048828125,2312.0284296385826,2265.817674436264,2295.581327380886,54379
2024-09-24,2298.015869140625,2370.462548157508,2291.208624397084,2303.5313944909803,103014
2024-09-25,2283.258544921875,2327.0345882086544,2272.0287860498056,2315.5066469091516,45176
2024-09-26,2272.376708984375,2295.6310564030377,2266.8114457382376,2286.9354842196926,23051
2024-09-27,2270.5380859375,2310.5377173890743,2260.898471726984,2275.904399071028,34010
2024-09-30,2272.82373046875,2296.6247038645433,2255.8797394082703,2270.5379888163197,32273
2024-10-01,2337.320068359375,2359.2329588137836,2270.7865673502506,2277.2958727744935,111809
2024-10-03,2250.21533203125,2354.1645388649017,2241.966912331166,2331.357344198696,81078
2024-10-04,2233.81787109375,2263.6312595967665,2186.5636017920733,2250.215234770409,54899
2024-10-07,2151.63232421875,2249.867292799993,2135.5329004873643,2233.8178491953277,71545
2024-10-08,2216.8740234375,2226.0664854869437,2116.8996904779947,2121.769356488193,48755
2024-10-09,2226.414306640625,2252.848699409723,2212.7993315171248,2229.0477256296917,23771
2024-10-10,2233.02294921875,2255.780406926121,2212.203313370148,2236.0042882697767,31154
2024-10-11,2212.40185546875,2232.9730448593255,2206.190732909882,2222.14094416545,20710
2024-10-14,2206.58837890625,2236.0043554759786,2187.3091495122794,2228.0541177676196,35546
2024-10-15,2218.1162109375,2247.9296008694555,2207.7809994765507,2214.8864270282047,32387
2024-10-16,2211.954833984375,2238.2402576836344,2206.1908633844682,2229.196765654299,22839
2024-10-17,2186.01708984375,2226.0664590374377,2181.346373922846,2221.047823183513,28173
2024-10-18,2160.07958984375,2186.365013616199,2143.632487764992,2184.3277167663364,21918
2024-10-21,2127.831298828125,2176.3277965124585,2121.7196507471367,2166.2907671570633,30178
2024-10-22,2053.645751953125,2145.2224543441907,2042.7639127524403,2141.4957804657374,45317
2024-10-23,2064.726318359375,2114.6142539213647,2018.5156831346349,2072.030696279953,51068
2024-10-24,2054.9873046875,2099.806620421711,2045.3474481801206,2089.222964412326,23526
2024-10-25,2008.1802978515625,2076.005761332136,1988.6028865874293,2076.005761332136,51528
2024-10-28,2019.3602294921875,2046.6891696058858,1988.0561708164964,2037.2482630211537,37934
2024-10-29,2019.658447265625,2042.2171969754577,1999.484671685947,2037.2482986859798,31788
2024-10-30,2112.62646484375,2123.657272857378,2019.6583345133868,2022.2421372174697,45202
2024-10-31,2116.05517578125,2134.589070242966,2085.19826739618,2108.9000104249144,31388
2024-11-01,2140.154296875,2147.359199617236,2117.7445163730263,2119.632600732539,6789
2024-11-04,2097.918701171875,2141.843715742626,2084.0057852593836,2139.6077113995475,29429
2024-11-05,2097.620361328125,2155.5080249772373,2062.1424769379582,2098.8625858699515,54621
2024-11-06,2120.427490234375,2139.955405005014,2098.7135514836714,2134.6385870805816,30243
2024-11-07,2110.09228515625,2138.5142363040522,2097.8687474826197,2126.6386185411816,30907
2024-11-08,2061.198486328125,2119.1356463094057,2048.6767655847543,2111.6822988721583,31125
2024-11-11,2041.8692626953125,2076.9497328968646,2037.2980218743135,2066.962198880813,26056
2024-11-12,2020.701904296875,2063.0368947427273,2002.5158087933949,2045.1985978678413,19959
2024-11-13,1984.4786376953125,2036.2047964822516,1977.62153374325,1999.4846863775974,33281
2024-11-14,2019.012451171875,2043.9562961368727,1977.7705956767102,1984.47860831749,38886
2024-11-18,1961.5718994140625,2019.0124105817636,1937.9200169945896,2019.0124105817636,65136
2024-11-19,1983.1866455078125,2020.3540286843215,1969.1743767033859,1981.9941584520711,29433
2024-11-21,1972.10595703125,1985.521982164159,1960.7272286836608,1972.6525843573577,25290
2024-11-22,1972.851318359375,2006.2920279407551,1959.7832129728874,1970.8637590536289,33393
2024-11-25,2011.8076171875,2044.900407888559,1984.5780295750965,1984.5780295750965,52753
2024-11-26,2008.5777587890625,2040.2793538062306,1991.7828584842628,2013.2982121146458,22923
2024-11-27,2011.9068603515625,2025.3228853526718,2005.5963839650906,2005.5963839650906,18870
2024-11-28,2030.6396484375,2039.2358667774888,2008.8262333772163,2012.2051084908007,23870
2024-11-29,2051.509033203125,2071.036705474185,2027.3104026714673,2030.6395400999313,23489
2024-12-02,2026.8135986328125,2051.509120014053,2011.8075501618139,2038.242064621671,36068
2024-12-03,2069.248046875,2106.7134931140995,2028.3043716790771,2028.3043716790771,66646
2024-12-04,2061.84423828125,2088.924732554374,2053.1486667256595,2065.4219419129113,22374
2024-12-05,2039.981201171875,2072.0305952713966,2035.2607477773718,2057.1239003413866,26598
2024-12-06,2065.769775390625,2101.844026353141,2035.2607876932545,2044.2545423351453,39047
2024-12-09,2037.8941650390625,2071.6331786318774,2032.279407002496,2067.0616951419033,25020
2024-12-10,2010.962890625,2051.012259668611,2007.4846617957878,2039.235873583769,84880
2024-12-11,2011.5093994140625,2050.564867534771,2001.4722490410504,2002.466028707903,23076
2024-12-12,1996.4039306640625,2019.7577520590767,1992.528165829926,2015.4348349141126,23110
2024-12-13,2003.4598388671875,2014.9876589159303,1977.6215671357654,2006.2920866986249,34116
2024-12-16,1994.16796875,2012.4038011550583,1987.5593097827737,2004.8511000400824,32940
2024-12-17,1986.86376953125,2004.3542676967606,1977.6215699513002,1989.6462798581515,25922
2024-12-18,1985.7705078125,2007.43495335829,1980.6526395099131,1987.1618236265317,26417
2024-12-19,1986.118408203125,2003.4598149219753,1967.6837467983687,1967.6837467983687,31031
2024-12-20,1961.5718994140625,1996.5032776885819,1958.839005430168,1985.5717017530046,24371
2024-12-23,1942.1436767578125,1975.634003442679,1938.8641552900735,1961.7708254338654,25574
2024-12-24,1937.4727783203125,1959.9819116194897,1933.8951958481566,1939.857873738747,23252
2024-12-26,1936.2305908203125,1952.8764002501543,1927.932554859277,1937.472815404629,17599
2024-12-27,1932.8516845703125,1943.832998243272,1931.9076424258287,1939.8578796374577,11154
2024-12-30,1733.1019287109375,1954.6651689189694,1709.3506927192607,1932.8516333608998,264219
2024-12-31,1775.5860595703125,1798.1449305064295,1700.7545243983636,1740.3068818474926,244776
2025-01-01,1791.9833984375,1813.0018620870342,1767.0395537341128,1775.6357718828574,43428
2025-01-02,1770.3687744140625,1800.3312562313965,1757.9962658385798,1787.809656440704,42634
2025-01-03,1761.2757568359375,1808.629261040341,1754.5180065587222,1788.8034051575758,48769
2025-01-06,1713.6737060546875,1761.2757770333446,1689.4254575778416,1761.2757770333446,81369
2025-01-07,1755.3626708984375,1767.8842703003054,1713.67366285874,1713.67366285874,38507
2025-01-08,1730.17041015625,1768.9278173912264,1688.133481476993,1768.9278173912264,71321
2025-01-09,1897.175048828125,1967.683664964974,1724.257393422112,1729.226291565963,3363611
2025-01-10,1786.8656005859375,1850.4177625419682,1774.1451721686622,1838.4924063923959,335824
2025-01-13,1698.0216064453125,1767.9339798693472,1692.456464722537,1753.8719736986886,101624
2025-01-14,1703.1396484375,1733.9964344309833,1667.0156603530866,1723.015241854621,89986
2025-01-15,1704.481201171875,1721.276101619698,1688.4316354660175,1721.226364112503,45207
2025-01-16,1697.5247802734375,1728.23259656839,1689.4751891484102,1706.3197061565415,46878
2025-01-17,1700.3570556640625,1708.903536766393,1684.4565805672623,1704.3321744382624,28131
2025-01-20,1739.3131103515625,1758.9402586133613,1677.0031742676165,1696.4812313183927,90943
2025-01-21,1724.4063720703125,1768.8283944884095,1711.8847729464494,1730.3194336781023,53089
2025-01-22,1701.4500732421875,1744.0335059498295,1691.9595506014307,1739.0149916256253,28464
2025-01-23,1693.798095703125,1717.6488078097798,1688.7794598396185,1699.3632375991456,21820
2025-01-24,1669.5498046875,1702.7916853100062,1666.568465750558,1700.2576200002006,28928
2025-01-27,1614.44482421875,1669.4505051270178,1594.817675580688,1664.5809604432236,43376
2025-01-28,1577.376708984375,1629.202340664141,1547.314875343312,1616.829711552548,59761
2025-01-29,1646.4444580078125,1656.879144477758,1577.4761250775937,1579.1158857850696,36684
2025-01-30,1672.2330322265625,1706.319724044334,1644.556292182044,1653.6494005881023,61201
2025-01-31,1709.0028076171875,1726.741871335823,1659.6617452733951,1659.6617452733951,123182
2025-02-01,1698.46875,1722.1703700337198,1670.891365127391,1721.6734802161955,20617
2025-02-03,1719.1890869140625,1781.0022550064612,1676.5062987281035,1689.4254344029496,126560
2025-02-04,1735.63623046875,1747.0646969161537,1716.2575264927177,1745.2758449478133,46813
2025-02-05,1725.94677734375,1754.5676792940853,1719.2387648220454,1730.1703407833415,30923
2025-02-06,1746.3193359375,1752.7291663243534,1714.3196788894484,1724.2077381428724,54382
2025-02-07,1710.593017578125,1751.8348744396424,1705.3259367316532,1751.8348744396424,38239
2025-02-10,1651.015869140625,1706.319733332922,1591.587916270084,1704.3321739463954,84589
2025-02-11,1609.674560546875,1652.0592861563946,1586.0722942631965,1651.2642139256009,53500
2025-02-12,1562.9669189453125,1601.62497095952,1517.2530557938362,1570.1718212898388,82303
2025-02-13,1506.7686767578125,1537.7746750349806,1480.4832531916452,1501.7004247378986,152376
2025-02-14,1424.2353515625,1521.0791314199287,1416.2851142402362,1506.768679977655,100034
2025-02-17,1380.2108154296875,1437.5022353848958,1357.8507737455118,1424.2353015811495,90560
2025-02-18,1345.031005859375,1396.757284669837,1323.4660361857384,1394.272835568681,67678
2025-02-19,1388.061767578125,1392.7822210565544,1331.7641244626589,1338.372783594659,74160
2025-02-20,1424.135986328125,1436.011604707712,1370.3724098227995,1383.3412828741418,41047
2025-02-21,1401.279052734375,1455.8871963175898,1394.272857633842,1421.3036157577985,42650
2025-02-24,1380.2108154296875,1412.955927038219,1364.4594325499218,1386.37232192481,38506
2025-02-25,1373.0059814453125,1396.0617428048795,1361.3290702068475,1380.2108841243655,83762
2025-02-27,1338.02490234375,1386.3723050363305,1332.8075593476656,1377.8754407754548,27667
2025-02-28,1285.304931640625,1331.4660708065373,1271.2926623409658,1331.4660708065373,87463
2025-03-03,1273.5286865234375,1298.6216239676176,1222.647214368945,1288.982009394649,73673
2025-03-04,1271.4913330078125,1291.9135534736588,1246.1003355703685,1262.1001637781128,56141
2025-03-05,1301.205322265625,1310.2984300583757,1271.4912873407459,1271.4912873407459,57257
2025-03-06,1320.5841064453125,1344.2361114063583,1314.2238922169558,1315.7642992487831,46152
2025-03-07,1329.528076171875,1356.4098641414575,1313.8264305394707,1323.664751993721,69598
2025-03-10,1284.8577880859375,1366.4470765392837,1276.4106607036947,1331.6647873182835,76470
2025-03-11,1263.78955078125,1278.0006485075592,1240.3363749619725,1278.0006485075592,53539
2025-03-12,1236.4605712890625,1278.099962188605,1232.4854527556645,1273.6279538385322,70388
2025-03-13,1199.4422607421875,1239.0444755458755,1197.7031464116712,1239.0444755458755,94803
2025-03-17,1169.8277587890625,1213.8521252324194,1163.7159895773327,1206.2000703240715,79686
2025-03-18,1169.8277587890625,1169.8277587890625,1169.8277587890625,1169.8277587890625,0
2025-03-19,1223.839599609375,1237.2556244528396,1204.0633609482925,1208.5851067347446,94367
2025-03-20,1245.6033935546875,1261.6529585972216,1227.5165317772512,1232.2867224530776,63619
2025-03-21,1255.3922119140625,1276.907566782191,1234.3241306996313,1248.8332901254942,87113
2025-03-24,1349.552734375,1388.608322266802,1257.1312290017488,1257.8765637225008,334079
2025-03-25,1291.7645263671875,1355.2670738322322,1277.801994286808,1346.5715014061775,152327
2025-03-26,1241.8768310546875,1291.2676338067145,1235.3675254707186,1282.1249090566046,85127
2025-03-27,1235.417236328125,1276.0628495968772,1209.082074746862,1236.2619247958908,226582
2025-03-28,1199.64111328125,1262.447937826484,1196.510683161942,1236.2618686490498,160585
2025-04-01,1245.4046630859375,1256.3362397119458,1197.8027128269355,1217.032325629578,87787
2025-04-02,1247.591064453125,1258.1251050515464,1212.4112386752658,1245.4046763180947,55173
2025-04-03,1265.777099609375,1283.9633158426896,1230.0010319852754,1230.398568109964,61612
2025-04-04,1210.97021484375,1263.242999041113,1196.3119653232457,1263.242999041113,68669
2025-04-07,1160.933349609375,1178.3742311565834,1120.5363035027704,1167.6910998178246,83221
2025-04-08,1164.6103515625,1199.8895277884244,1137.2814122325585,1185.380369715453,70573
2025-04-09,1133.5548095703125,1172.6102779774285,1126.3995231299052,1168.7842504941873,52375
2025-04-11,1197.852294921875,1207.3429392468352,1152.8837650815137,1167.6911063519199,110570
2025-04-15,1273.131103515625,1281.9757667890037,1197.3057879254766,1272.6342136835362,247944
2025-04-16,1304.03759765625,1316.1617820747638,1270.149736127593,1273.031721351477,117898
2025-04-17,1312.88232421875,1332.65856431228,1278.9944610513828,1323.6151933953283,99018
2025-04-21,1326.29833984375,1341.6025712146197,1309.006549108118,1316.8574328611287,56512
2025-04-22,1334.149169921875,1349.254571961957,1313.776687252677,1337.528044968233,39634
2025-04-23,1342.7950439453125,1361.4781502986261,1312.7829463828357,1342.099446699485,66453
2025-04-24,1337.826171875,1371.4159739646193,1328.9816296714175,1355.913035042871,68826
2025-04-25,1292.509765625,1348.4596074529861,1281.4788359676625,1341.602503727293,54279
2025-04-28,1278.398193359375,1306.720913990026,1251.5661422356002,1287.9384539411847,80964
2025-04-29,1286.7459716796875,1306.6215651791513,1276.0131026655788,1290.9197977901767,22756
2025-04-30,1255.739990234375,1295.391824071134,1247.2928628813986,1281.2802010176194,48947
2025-05-02,1253.5537109375,1273.3299508052473,1229.3054625157342,1266.6715541715557,23243
2025-05-05,1268.6590576171875,1275.5161613600121,1227.317849068652,1252.162339940487,39350
2025-05-06,1227.31787109375,1279.4913028608933,1218.8707440457363,1262.100158938512,42901
2025-05-07,1250.1748046875,1252.1623639954294,1205.9516100860742,1212.5105315400422,49213
2025-05-08,1234.572509765625,1277.6030958953502,1230.199855036179,1243.3176979135242,36098
2025-05-09,1236.4605712890625,1247.1934398536334,1184.8835053670155,1185.1815664704259,39828
2025-05-12,1293.5035400390625,1301.1557159641934,1252.1623317605931,1252.1623317605931,62584
2025-05-13,1318.9443359375,1329.7765586555722,1282.572024100162,1293.5036005235202,57772
2025-05-14,1338.8199462890625,1341.6025779380736,1320.7332045034814,1324.2114334092466,39316
2025-05-15,1357.006103515625,1381.3537047870514,1335.5404874732187,1335.6398411753937,63371
2025-05-16,1394.769775390625,1408.185801017824,1347.0683509383628,1357.0061476992507,83552
2025-05-19,1436.7071533203125,1444.9555727206236,1396.260371164014,1405.601923888092,126521
2025-05-20,1426.6700439453125,1465.7256327877335,1421.1049021571055,1456.2847260950814,84808
2025-05-21,1433.62646484375,1448.831341652716,1404.2106121632498,1427.663787085095,44198
2025-05-22,1422.4962158203125,1435.4153512752905,1411.1671035437487,1431.042696551407,27777
2025-05-23,1439.8873291015625,1448.8313457649308,1408.2850883665988,1422.4961855894576,44080
2025-05-26,1475.9615478515625,1484.70685765263,1431.539644209246,1438.992991888225,90374
2025-05-27,1449.4276123046875,1476.5578451389354,1445.9493835470143,1475.9614803031122,39014
2025-05-28,1482.3216552734375,1492.6569875720866,1450.9182435787259,1452.905802816505,74484
2025-05-29,1447.93701171875,1469.8995186569516,1385.7264272413518,1391.2915692561771,139024
2025-05-30,1441.6761474609375,1465.328152602453,1421.2043101133638,1460.8561439983762,48336
2025-06-02,1431.14208984375,1443.6636895227598,1419.3160874148534,1443.6636895227598,29636
2025-06-03,1475.9615478515625,1522.371132185937,1436.111006523487,1436.111006523487,226548
2025-06-04,1475.265869140625,1489.2781377412648,1453.8996069738864,1478.7440978654429,38663
2025-06-05,1462.9429931640625,1476.756554510851,1458.3716310529433,1475.067177636413,32431
2025-06-06,1470.8931884765625,1474.7689532493212,1446.1480517238608,1469.3031653498122,41767
2025-06-09,1492.9552001953125,1500.6072548912223,1470.3963296033994,1470.8932194228998,63520
2025-06-10,1485.7005615234375,1507.3650061958012,1480.8310170261457,1507.3650061958012,34579
2025-06-11,1487.3900146484375,1514.5202487308097,1477.154156620123,1486.296881250792,65673
2025-06-12,1463.638671875,1497.6258863317225,1456.8809219391542,1487.3899077282185,42215
2025-06-13,1444.55810546875,1459.3654468284938,1417.5273469425963,1436.7072218058393,45993
2025-06-16,1437.2041015625,1459.8623264262567,1416.1360212099496,1449.924529786187,28840
2025-06-17,1418.8192138671875,1459.7630098523102,1412.2602921801088,1437.2041381189522,29464
2025-06-18,1436.806640625,1439.986686923347,1414.247770189572,1428.0613313380604,33117
2025-06-19,1395.0679931640625,1451.9121435521781,1381.353784762168,1435.6141321891873,40807
2025-06-20,1377.974853515625,1448.8313918608496,1371.4159320160081,1386.3226269292256,256931
2025-06-23,1429.353271484375,1447.9369017956549,1363.5649880602582,1371.1176888863563,110790
2025-06-24,1480.8310546875,1489.6757179689944,1437.6016392561116,1452.1107981042178,127691
2025-06-25,1662.295166015625,1687.4378395940437,1490.6694696060458,1499.712840126124,2532249
2025-06-26,1729.4747314453125,1738.1205656660825,1646.1959502720786,1678.493788113215,644191
2025-06-27,1777.871826171875,1787.809622852545,1682.866514166868,1725.2015037643237,661068
2025-06-30,1830.1446533203125,1846.4426645027734,1732.7542436748488,1787.809662777443,400201
2025-07-01,1813.6478271484375,1838.4923179312927,1798.0455354612004,1826.6663160564556,143209
2025-07-02,1827.1632080078125,1868.2063553534592,1747.26330129456,1813.6478292683398,196363
2025-07-03,1803.5113525390625,1823.088763067503,1783.8344669970932,1817.7223287096028,73108
2025-07-04,1787.710205078125,1807.585797727143,1763.9588476003503,1807.585797727143,73805
2025-07-07,1903.684326171875,1932.9014729558749,1775.6855764820114,1787.7102863189207,473109
2025-07-08,1890.36767578125,1913.0259012135286,1858.3680183217134,1912.926547506834,113701
2025-07-09,1888.3800048828125,1917.994686388755,1869.2994845063463,1893.1501956324241,97476
2025-07-10,1867.0137939453125,1908.2556497298938,1851.3121481440437,1888.1813491736034,69795
2025-07-11,1783.5362548828125,1876.1565892605092,1776.8779798808096,1863.336807760916,150398
2025-07-14,1749.151611328125,1799.6356681974978,1736.828718887231,1782.9401208503516,104554
2025-07-15,1771.4122314453125,1800.3311950849702,1745.0770706412168,1751.3379309794177,66623
2025-07-16,1770.7166748046875,1798.2443232990142,1753.8224203166615,1771.4122720533258,58297
2025-07-17,1786.4183349609375,1821.001916474302,1774.8905148934816,1778.8656336278455,92217
2025-07-18,1750.7415771484375,1794.070467339842,1745.1764353189249,1793.6729312139498,59077
2025-07-21,1739.2137451171875,1773.6979718363953,1732.8535310806742,1757.996204806659,46110
2025-07-22,1715.164306640625,1757.9961849049405,1710.0960547337925,1754.4186024595876,34239
2025-07-23,1727.7852783203125,1734.145492353895,1700.9532277222868,1725.400182893845,37889
2025-07-24,1730.7666015625,1750.0459508941742,1718.8412458494222,1729.176578396288,44194
2025-07-25,1671.04052734375,1734.145536850933,1664.282777013858,1734.145536850933,56984
2025-07-28,1658.121337890625,1688.0340809466813,1647.4879442121871,1664.5809055839359,36807
2025-07-29,1700.9532470703125,1714.2699188178208,1643.6122090348329,1649.9724231407615,40130
2025-07-30,1715.6612548828125,1774.8904992402777,1692.2080788191042,1705.2265682971333,93812
2025-07-31,1757.4000244140625,1804.4057308669933,1663.5871976103929,1689.425469496815,145943
2025-08-01,1691.5,1788.800048828125,1668.0,1768.4000244140625,74807
2025-08-04,1565.0999755859375,1649.0,1554.5,1621.5,200906
2025-08-05,1522.0,1578.0,1518.5999755859375,1562.9000244140625,113156
2025-08-06,1551.5,1564.4000244140625,1512.199951171875,1522.0,64559
2025-08-07,1537.5999755859375,1550.9000244140625,1511.300048828125,1541.0,39410
2025-08-08,1534.4000244140625,1567.5999755859375,1517.0,1537.5999755859375,42511
2025-08-11,1534.699951171875,1543.0,1510.0,1525.0,30092
2025-08-12,1540.800048828125,1549.5999755859375,1515.0,1533.5,26214
2025-08-13,1560.5999755859375,1586.199951171875,1548.0,1550.5,37363
2025-08-14,1548.9000244140625,1574.0,1544.9000244140625,1557.0,19948
2025-08-18,1543.0,1569.4000244140625,1537.0,1555.0,27826
2025-08-19,1544.199951171875,1565.0,1536.0,1540.0999755859375,21943
2025-08-20,1561.300048828125,1564.9000244140625,1529.0,1550.9000244140625,26812
2025-08-21,1561.9000244140625,1578.800048828125,1555.0,1561.300048828125,26921
2025-08-22,1532.0,1587.0,1524.9000244140625,1569.699951171875,29810
2025-08-25,1555.4000244140625,1568.699951171875,1527.0,1532.5,24740
2025-08-26,1517.0,1559.9000244140625,1509.5,1555.4000244140625,21983
2025-08-28,1477.5999755859375,1513.5,1471.0,1510.0,32316
2025-08-29,1457.0,1489.4000244140625,1450.0,1477.5999755859375,22034
2025-09-01,1474.199951171875,1480.0,1453.300048828125,1464.199951171875,22434
2025-09-02,1488.0,1522.0999755859375,1468.0,1489.0,35244
2025-09-03,1525.9000244140625,1555.0,1490.5999755859375,1515.0,46827
2025-09-04,1504.0,1549.0999755859375,1499.0999755859375,1546.0,21797
2025-09-05,1487.300048828125,1518.800048828125,1480.699951171875,1505.0,22839
2025-09-08,1494.300048828125,1510.0,1476.800048828125,1487.300048828125,17050
2025-09-09,1503.4000244140625,1507.4000244140625,1483.0,1494.300048828125,16915
2025-09-10,1495.5,1529.4000244140625,1484.0,1504.699951171875,37869
2025-09-11,1506.300048828125,1517.9000244140625,1495.0,1495.0,16991
2025-09-12,1504.800048828125,1520.9000244140625,1495.699951171875,1508.0,16763
2025-09-15,1490.4000244140625,1510.9000244140625,1484.5,1504.800048828125,32880
2025-09-16,1518.5999755859375,1527.9000244140625,1488.9000244140625,1488.9000244140625,38967
2025-09-17,1516.699951171875,1545.800048828125,1507.4000244140625,1528.0,49020
2025-09-18,1514.800048828125,1560.0,1507.4000244140625,1516.699951171875,52115
2025-09-19,1482.699951171875,1514.800048828125,1476.0,1514.800048828125,72136
2025-09-22,1478.9000244140625,1513.800048828125,1476.0,1476.0,32864
2025-09-23,1462.5999755859375,1483.800048828125,1458.4000244140625,1480.0,30898
2025-09-24,1483.699951171875,1510.800048828125,1451.4000244140625,1462.5999755859375,51456
2025-09-25,1472.0,1495.0999755859375,1466.699951171875,1483.699951171875,18968
2025-09-26,1411.4000244140625,1474.0999755859375,1402.199951171875,1473.0,57535
2025-09-29,1395.0,1423.9000244140625,1389.0999755859375,1415.0999755859375,28755
2025-09-30,1389.199951171875,1415.9000244140625,1383.5,1397.199951171875,27390
2025-10-01,1401.9000244140625,1410.0,1384.0999755859375,1410.0,19121
2025-10-03,1417.800048828125,1424.0999755859375,1400.0,1404.5999755859375,29237
2025-10-06,1396.0,1434.0,1388.0,1419.5999755859375,30495
2025-10-07,1389.300048828125,1401.5,1383.800048828125,1400.699951171875,18805
2025-10-08,1377.199951171875,1399.800048828125,1373.0,1389.800048828125,25597
2025-10-09,1361.699951171875,1383.5,1360.0999755859375,1379.4000244140625,24289
2025-10-10,1368.5,1380.0,1356.0999755859375,1360.0,23288
2025-10-13,1366.0999755859375,1373.9000244140625,1353.4000244140625,1366.5,16924
2025-10-14,1348.800048828125,1371.9000244140625,1325.0999755859375,1366.0,28618
2025-10-15,1349.5999755859375,1352.800048828125,1330.300048828125,1349.0,32674
2025-10-16,1372.5,1396.0,1352.0,1352.0,38214
2025-10-17,1365.199951171875,1402.0999755859375,1355.199951171875,1402.0999755859375,28865
2025-10-20,1389.0,1392.0,1345.199951171875,1365.300048828125,30696
2025-10-21,1402.4000244140625,1409.9000244140625,1390.0,1390.0,10842
2025-10-23,1410.800048828125,1420.0,1383.0999755859375,1400.0,39867
2025-10-24,1394.0,1416.9000244140625,1386.5999755859375,1410.800048828125,16391
2025-10-27,1403.199951171875,1414.0,1388.199951171875,1401.0,25216
2025-10-28,1394.5,1426.5999755859375,1390.5,1405.4000244140625,24208
2025-10-29,1416.699951171875,1440.0,1392.9000244140625,1395.0,33089
2025-10-30,1412.199951171875,1427.0,1402.0999755859375,1427.0,14916
2025-10-31,1409.0999755859375,1427.0,1402.300048828125,1427.0,15336
2025-11-03,1413.199951171875,1436.9000244140625,1386.0,1410.0999755859375,38795
2025-11-04,1404.699951171875,1457.9000244140625,1400.0,1425.0,46550
2025-11-06,1431.800048828125,1450.0,1392.699951171875,1404.0,63633
2025-11-07,1397.699951171875,1429.0,1391.0,1429.0,31443
2025-11-10,1365.699951171875,1405.699951171875,1354.0999755859375,1396.5,40277
2025-11-11,1292.4000244140625,1350.0,1283.0,1345.699951171875,107247
2025-11-12,1269.800048828125,1291.0,1263.0999755859375,1285.0999755859375,75902
2025-11-13,1257.5999755859375,1274.4000244140625,1253.5,1269.0,48960
2025-11-14,1228.800048828125,1252.0,1225.0,1252.0,58728
2025-11-17,1214.4000244140625,1237.199951171875,1207.0,1228.800048828125,62347
2025-11-18,1194.699951171875,1221.0,1180.199951171875,1217.300048828125,78238
2025-11-19,1189.800048828125,1198.0999755859375,1172.199951171875,1192.0,80534
2025-11-20,1195.5,1228.300048828125,1189.0,1189.800048828125,82781
2025-11-21,1179.0999755859375,1194.9000244140625,1171.0,1190.5999755859375,51831
2025-11-24,1128.199951171875,1179.0999755859375,1083.5,1179.0,392907
2025-11-25,1171.9000244140625,1194.0,1100.300048828125,1106.4000244140625,185928
2025-11-26,1163.0,1174.9000244140625,1140.0999755859375,1174.9000244140625,108225
2025-11-27,1160.800048828125,1179.800048828125,1152.0,1170.5,78489
2025-11-28,1152.800048828125,1168.5,1148.699951171875,1160.0,36509
2025-12-01,1147.0999755859375,1166.199951171875,1140.0,1161.800048828125,39285
2025-12-02,1149.800048828125,1155.0,1136.5,1151.800048828125,24820
2025-12-03,1139.4000244140625,1152.800048828125,1136.0999755859375,1151.699951171875,21226
2025-12-04,1133.5,1149.9000244140625,1130.0999755859375,1135.0,20998
2025-12-05,1126.199951171875,1141.5,1120.0,1130.0,22130
2025-12-08,1098.800048828125,1126.199951171875,1091.0,1124.199951171875,53676
2025-12-09,1142.199951171875,1149.9000244140625,1080.0,1100.199951171875,91666
2025-12-10,1126.800048828125,1154.5999755859375,1120.0,1144.0,36953
2025-12-11,1126.4000244140625,1149.9000244140625,1096.0999755859375,1121.300048828125,74088
2025-12-12,1120.5999755859375,1136.9000244140625,1117.699951171875,1132.9000244140625,29937
2025-12-15,1126.199951171875,1142.0,1111.0,1120.5999755859375,66912
2025-12-16,1107.5999755859375,1124.4000244140625,1102.0,1123.0,35104
2025-12-17,1092.0,1109.800048828125,1090.0,1109.800048828125,27823
2025-12-18,1091.199951171875,1110.0,1079.0,1085.0,42483
2025-12-19,1116.5999755859375,1121.0,1087.199951171875,1090.5,55047
2025-12-22,1116.300048828125,1144.0,1112.5,1116.5999755859375,43346
2025-12-23,1126.5,1144.9000244140625,1116.0,1120.5,43213
2025-12-24,1125.699951171875,1146.0999755859375,1124.0,1125.5,44524
2025-12-26,1123.300048828125,1135.0,1120.0,1128.0,21436
2025-12-29,1114.300048828125,1133.800048828125,1104.300048828125,1119.0,42012
2025-12-30,1093.9000244140625,1114.0,1092.0,1114.0,26576
2025-12-31,1121.0,1129.9000244140625,1092.0,1092.0,47554
2026-01-01,1109.699951171875,1128.0,1104.300048828125,1118.800048828125,27820
2026-01-02,1110.0,1119.800048828125,1106.0,1114.5999755859375,30976
2026-01-05,1089.699951171875,1128.0,1087.0,1110.0,46268
2026-01-06,1072.0999755859375,1097.199951171875,1065.5999755859375,1096.199951171875,54445
2026-01-07,1070.5,1079.5999755859375,1066.5999755859375,1070.0,35930
2026-01-08,1223.5,1253.0999755859375,1095.0,1100.0,13004208
2026-01-09,1164.300048828125,1227.0,1142.199951171875,1220.0,1946281
2026-01-12,1100.9000244140625,1153.9000244140625,1093.199951171875,1153.9000244140625,515817
2026-01-13,1225.800048828125,1246.5,1104.0,1104.0,5733796
2026-01-14,1264.5,1325.0,1191.699951171875,1211.0999755859375,3405272
2026-01-15,1264.5,1264.5,1264.5,1264.5,0
2026-01-16,1274.0,1333.0999755859375,1233.699951171875,1244.0999755859375,1569460
2026-01-19,1276.199951171875,1314.0,1244.300048828125,1255.0,649872
2026-01-20,1212.0999755859375,1282.0,1187.5999755859375,1269.0,482584
2026-01-21,1211.699951171875,1269.699951171875,1200.0,1215.0,903407
2026-01-22,1210.4000244140625,1247.699951171875,1203.5999755859375,1239.300048828125,219852
2026-01-23,1129.5999755859375,1226.0,1108.4000244140625,1225.199951171875,284608
2026-01-27,1147.4000244140625,1180.0,1115.0,1130.0,436966
2026-01-28,1219.9000244140625,1238.0,1139.5999755859375,1151.699951171875,463711
2026-01-29,1147.4000244140625,1230.0,1132.0,1229.5,428923
2026-01-30,1117.0,1162.9000244140625,1109.5,1130.0,222094
2026-02-02,1088.300048828125,1125.800048828125,1060.0999755859375,1125.800048828125,185304
2026-02-03,1141.4000244140625,1169.9000244140625,1118.0999755859375,1150.0,181142
2026-02-04,1146.5999755859375,1150.0,1121.0,1140.300048828125,92847
2026-02-05,1105.199951171875,1151.0,1098.0999755859375,1151.0,99095
2026-02-06,1125.4000244140625,1133.0,1090.699951171875,1104.9000244140625,148701
2026-02-09,1154.800048828125,1162.0,1126.800048828125,1139.0,104757
2026-02-10,1125.699951171875,1182.9000244140625,1100.0999755859375,1161.0,190043
2026-02-11,1112.5,1135.4000244140625,1109.199951171875,1135.0,68049
2026-02-12,1105.199951171875,1114.4000244140625,1096.5,1111.9000244140625,70959
2026-02-13,1079.0999755859375,1093.9000244140625,1064.0,1093.9000244140625,78542
2026-02-16,1092.0,1104.0,1061.5999755859375,1073.800048828125,94573
2026-02-17,1107.199951171875,1116.5,1086.5,1092.0,63977
2026-02-18,1103.800048828125,1123.5,1101.0,1106.9000244140625,47635
2026-02-19,1100.5999755859375,1134.800048828125,1093.5999755859375,1101.0,101559
2026-02-20,1089.0,1096.0999755859375,1078.5,1096.0999755859375,51778
2026-02-23,1074.800048828125,1096.699951171875,1070.0999755859375,1081.0999755859375,61887
2026-02-24,1082.0999755859375,1088.800048828125,1066.0,1075.0999755859375,64490
2026-02-25,1101.800048828125,1122.5,1078.800048828125,1088.0,97195
2026-02-26,1088.5999755859375,1112.0999755859375,1083.699951171875,1104.0,43637
2026-02-27,1087.4000244140625,1104.5999755859375,1078.9000244140625,1085.0,56770
2026-03-02,1067.0,1084.0,1038.300048828125,1038.300048828125,57639
2026-03-04,1054.4000244140625,1073.5,1038.0,1047.0,48722
2026-03-05,1071.4000244140625,1076.300048828125,1045.300048828125,1054.4000244140625,60612
2026-03-06,1044.4000244140625,1077.0,1036.5,1066.0,44765
2026-03-09,1003.5999755859375,1035.0,994.0,1030.0,90936
2026-03-10,1027.4000244140625,1050.0,1010.7999877929688,1010.7999877929688,58809
2026-03-11,1047.9000244140625,1066.0,1027.0,1035.0,86741
2026-03-12,1035.0,1049.4000244140625,1002.4000244140625,1040.0,90442
2026-03-13,1000.9000244140625,1022.0,989.0,999.0,207948
2026-03-16,1013.2999877929688,1022.0,976.5,1000.9000244140625,132834
2026-03-17,1000.4000244140625,1018.2000122070312,992.0,1000.0,67783
2026-03-18,1067.699951171875,1081.5,998.5999755859375,1010.0,181953
2026-03-19,1018.4000244140625,1054.0999755859375,1011.0,1050.0,60843
2026-03-20,1067.0999755859375,1079.0,1021.2999877929688,1022.7999877929688,141807
2026-03-23,1002.7999877929688,1051.5999755859375,997.2000122070312,1051.0,89838
2026-03-24,1045.800048828125,1095.0,1020.5999755859375,1025.0,359033
2026-03-25,1059.5,1085.0,1049.0,1049.9000244140625,114723
2026-03-27,1033.9000244140625,1048.199951171875,1016.0,1040.0,121500
2026-03-30,977.2000122070312,1032.5999755859375,968.0999755859375,1020.0,210821
2026-04-01,1021.0999755859375,1041.800048828125,1008.5999755859375,1011.2000122070312,88717
2026-04-02,1065.449951171875,1081.0,988.5,1000.0,104906
2026-04-06,1040.0999755859375,1075.0,1023.0,1070.0,117033
2026-04-07,1034.8499755859375,1054.0,1019.9500122070312,1028.0,80583
2026-04-08,1070.1500244140625,1093.800048828125,1064.1500244140625,1088.0,163925
2026-04-09,1066.050048828125,1099.0,1058.0,1078.300048828125,109907
2026-04-10,1076.5,1093.5,1069.6500244140625,1079.699951171875,70408
2026-04-13,1082.4000244140625,1108.4000244140625,1022.7000122070312,1053.949951171875,95119
2026-04-15,1130.75,1133.4000244140625,1089.0999755859375,1103.949951171875,122605
2026-04-16,1146.6500244140625,1153.0,1123.199951171875,1135.949951171875,72896
2026-04-17,1139.300048828125,1158.800048828125,1134.3499755859375,1146.6500244140625,66492
2026-04-20,1149.75,1174.449951171875,1116.9000244140625,1150.0,85999
2026-04-21,1203.300048828125,1208.0,1141.8499755859375,1141.8499755859375,135043
2026-04-22,1223.5,1228.1500244140625,1191.699951171875,1203.300048828125,87479
2026-04-23,1239.949951171875,1270.0,1200.0,1200.0,161357
2026-04-24,1250.5999755859375,1264.6500244140625,1216.5,1239.949951171875,93202
2026-04-27,1306.9000244140625,1340.0,1261.25,1279.0,236582
2026-04-28,1325.800048828125,1331.0,1295.0,1308.0999755859375,113155
2026-04-29,1297.699951171875,1347.0,1287.3499755859375,1326.0,142382
2026-04-30,1333.6500244140625,1337.949951171875,1275.5999755859375,1291.8499755859375,130731
2026-05-01,1333.6500244140625,1333.6500244140625,1333.6500244140625,1333.6500244140625,0
2026-05-04,1455.5,1471.800048828125,1355.0,1360.0,638858
2026-05-05,1462.0,1488.5999755859375,1444.5999755859375,1463.0,210811
2026-05-06,1492.4000244140625,1517.0,1437.5,1491.9000244140625,332822
2026-05-07,1526.300048828125,1535.0,1488.4000244140625,1495.0,224514
2026-05-08,1487.199951171875,1538.0,1482.699951171875,1514.0999755859375,125285
2026-05-11,1414.4000244140625,1482.800048828125,1406.0999755859375,1482.800048828125,135900
2026-05-12,1339.5,1434.9000244140625,1318.300048828125,1408.5999755859375,160435
2026-05-13,1352.9000244140625,1408.0999755859375,1339.5,1339.5,112324
2026-05-14,1623.4000244140625,1623.4000244140625,1496.0,1496.0,1772941
2026-05-15,1706.199951171875,1740.0,1590.5,1660.0,2725771
2026-05-18,1763.0,1794.300048828125,1620.0,1674.0999755859375,882685
2026-05-19,1708.800048828125,1780.0,1695.0,1746.0,436809
2026-05-20,1833.300048828125,1845.0,1665.800048828125,1695.0,1102152
2026-05-21,1836.9000244140625,1896.5999755859375,1811.0,1845.0999755859375,373026
2026-05-22,1822.5,1835.0,1765.0999755859375,1826.9000244140625,275766
2026-05-25,1920.9000244140625,1956.0,1840.5999755859375,1874.0,597019
2026-05-26,1873.4000244140625,1947.0,1862.0,1930.0,214280
2026-05-27,1821.0,1891.300048828125,1808.0,1887.9000244140625,189445
2026-05-28,1821.0,1821.0,1821.0,1821.0,0
2026-05-29,1775.5999755859375,1868.9000244140625,1763.0,1835.0,219900
2026-06-01,1751.800048828125,1814.199951171875,1700.5999755859375,1775.5999755859375,231637
2026-06-02,2016.0999755859375,2063.0,1736.0999755859375,1748.0,2628387
2026-06-03,2122.199951171875,2185.0,1942.800048828125,2020.0,3178753
2026-06-04,2099.89990234375,2159.199951171875,2073.0,2122.199951171875,487135
2026-06-05,2043.300048828125,2150.0,1992.0,2100.0,528900
2026-06-08,2090.89990234375,2141.5,1989.4000244140625,2029.0999755859375,481967
2026-06-09,2242.10009765625,2262.5,2076.10009765625,2110.0,895023
2026-06-10,2131.10009765625,2257.0,2114.0,2254.89990234375,340226
2026-06-11,2054.0,2173.699951171875,2033.0999755859375,2115.0,319584
2026-06-12,2133.0,2148.0,2078.800048828125,2091.10009765625,212251
